CAM	participantCAM	id	daughterID	motherID	intensity	agreement	isBidirectional	isDeletable	isActive
2316	alcojo2_2316	34089	35452	35444	6	0	0	NA	NA
2316	alcojo2_2316	34088	35443	35436	6	1	0	NA	NA
2316	alcojo2_2316	34087	35437	35441	6	1	0	NA	NA
2316	alcojo2_2316	34086	35437	35445	6	1	0	NA	NA
2316	alcojo2_2316	34085	35449	35452	6	1	0	NA	NA
2316	alcojo2_2316	34084	35440	35443	6	1	0	NA	NA
2316	alcojo2_2316	34083	35440	35452	6	1	0	NA	NA
2316	alcojo2_2316	34082	35443	35452	6	1	0	NA	NA
2316	alcojo2_2316	34081	35438	35451	6	1	0	NA	NA
2316	alcojo2_2316	34080	35439	35451	6	1	0	NA	NA
2316	alcojo2_2316	34079	35448	35450	6	0	0	NA	NA
2316	alcojo2_2316	34078	35435	35448	6	1	0	NA	NA
2316	alcojo2_2316	34077	35438	35439	6	1	0	NA	NA
2316	alcojo2_2316	34076	35444	35445	6	0	0	NA	NA
2316	alcojo2_2316	34075	35444	35446	6	0	0	NA	NA
2316	alcojo2_2316	34074	35438	35446	6	1	0	NA	NA
2316	alcojo2_2316	34073	35442	35447	6	1	0	NA	NA
2316	alcojo2_2316	34071	35436	35443	6	1	0	NA	NA
2316	alcojo2_2316	34070	35436	35437	6	1	0	NA	NA
2316	alcojo2_2316	34069	35436	35441	6	1	0	NA	NA
2316	alcojo2_2316	34068	35435	35436	6	1	0	NA	NA
2316	alcojo2_2316	34067	35435	35440	6	1	0	NA	NA
2316	alcojo2_2316	34066	35435	35442	6	1	0	NA	NA
2316	alcojo2_2316	34065	35439	35442	6	0	0	NA	NA
2316	alcojo2_2316	34064	35435	35439	6	1	0	NA	NA
2316	alcojo2_2316	34063	35444	35445	6	1	0	NA	NA
2316	alcojo2_2316	34062	35438	35444	6	1	0	NA	NA
2316	alcojo2_2316	34061	35435	35438	6	1	0	NA	NA
2316	alcojo2_2316	34060	35435	35449	6	1	0	NA	NA
2171	apchro2_2171	31452	31536	31538	6	1	0	NA	NA
2171	apchro2_2171	31451	31528	31536	6	1	0	NA	NA
2171	apchro2_2171	31443	31457	31531	6	1	0	NA	NA
2171	apchro2_2171	31434	31528	31530	6	1	0	NA	NA
2171	apchro2_2171	31433	31457	31528	6	1	0	NA	NA
2171	apchro2_2171	31408	31464	31525	6	1	0	NA	NA
2171	apchro2_2171	31401	31471	31522	6	1	0	NA	NA
2171	apchro2_2171	31395	31463	31498	6	1	0	NA	NA
2171	apchro2_2171	31394	31493	31498	6	1	0	NA	NA
2171	apchro2_2171	31393	31462	31498	6	1	0	NA	NA
2171	apchro2_2171	31392	31457	31498	6	1	0	NA	NA
2171	apchro2_2171	31391	31457	31464	6	1	0	NA	NA
2171	apchro2_2171	31388	31467	31484	6	1	0	NA	NA
2171	apchro2_2171	31387	31467	31486	6	1	0	NA	NA
2171	apchro2_2171	31386	31467	31486	6	1	0	NA	NA
2171	apchro2_2171	31385	31457	31467	6	1	0	NA	NA
2171	apchro2_2171	31384	31469	31509	6	1	0	NA	NA
2171	apchro2_2171	31383	31457	31469	6	1	0	NA	NA
2171	apchro2_2171	31379	31476	31491	6	1	0	NA	NA
2171	apchro2_2171	31378	31476	31501	6	1	0	NA	NA
2171	apchro2_2171	31377	31457	31476	6	1	0	NA	NA
2171	apchro2_2171	31376	31457	31471	6	1	0	NA	NA
2171	apchro2_2171	31375	31471	31480	6	1	0	NA	NA
2145	babrsh2_2145	31067	31061	31107	6	1	0	NA	NA
2145	babrsh2_2145	31064	31038	31086	6	0	0	NA	NA
2145	babrsh2_2145	31046	31041	31092	6	1	0	NA	NA
2145	babrsh2_2145	30946	31056	30979	9	1	0	NA	NA
2145	babrsh2_2145	30947	31061	30979	9	1	0	NA	NA
2145	babrsh2_2145	30953	31044	31038	6	1	1	NA	NA
2145	babrsh2_2145	30952	31041	31038	6	1	1	NA	NA
2145	babrsh2_2145	31024	31092	31052	6	1	1	NA	NA
2145	babrsh2_2145	31011	31086	31092	9	1	1	NA	NA
2145	babrsh2_2145	31001	31013	31023	6	1	0	NA	NA
2145	babrsh2_2145	30998	30979	31015	6	1	0	NA	NA
2145	babrsh2_2145	30994	31019	31023	6	1	0	NA	NA
2145	babrsh2_2145	30993	31007	31019	9	1	0	NA	NA
2145	babrsh2_2145	30989	31007	31013	6	1	0	NA	NA
2145	babrsh2_2145	30988	30979	31013	6	1	0	NA	NA
2145	babrsh2_2145	30980	31056	31144	6	1	1	NA	NA
2145	babrsh2_2145	30977	31056	31107	6	1	1	NA	NA
2145	babrsh2_2145	30971	31131	31052	9	1	1	NA	NA
2145	babrsh2_2145	30965	31061	31131	6	0	0	NA	NA
2145	babrsh2_2145	30957	31061	31052	9	0	1	NA	NA
2145	babrsh2_2145	30955	31052	31044	9	1	1	NA	NA
2145	babrsh2_2145	30950	30979	31038	9	0	0	NA	NA
2145	babrsh2_2145	30942	31061	31086	6	1	1	NA	NA
2145	babrsh2_2145	30938	30997	31078	6	1	0	NA	NA
2145	babrsh2_2145	30936	30979	31078	6	1	0	NA	NA
2145	babrsh2_2145	30929	30997	31001	9	1	0	NA	NA
2216	babuim2_2216	32069	32163	32173	6	1	0	NA	NA
2216	babuim2_2216	32068	32163	32172	6	1	0	NA	NA
2216	babuim2_2216	32067	32163	32171	6	1	0	NA	NA
2216	babuim2_2216	32066	32163	32176	6	1	0	NA	NA
2216	babuim2_2216	32065	32163	32167	6	0	0	NA	NA
2216	babuim2_2216	32064	32163	32166	6	0	0	NA	NA
2216	babuim2_2216	32063	32163	32170	6	0	0	NA	NA
2216	babuim2_2216	32062	32163	32175	6	0	0	NA	NA
2216	babuim2_2216	32061	32163	32169	6	0	0	NA	NA
2216	babuim2_2216	32060	32163	32168	6	0	0	NA	NA
2216	babuim2_2216	32059	32165	32174	6	0	0	NA	NA
2216	babuim2_2216	32058	32163	32174	6	0	0	NA	NA
2141	bechan2_2141	30909	31112	31139	6	1	0	NA	NA
2141	bechan2_2141	30906	31106	31133	9	1	0	NA	NA
2141	bechan2_2141	30895	30977	31112	6	1	0	NA	NA
2141	bechan2_2141	30894	30977	31116	6	1	0	NA	NA
2141	bechan2_2141	30892	30959	30977	6	1	0	NA	NA
2141	bechan2_2141	30889	30983	31121	6	1	0	NA	NA
2141	bechan2_2141	30868	30986	31106	9	1	0	NA	NA
2141	bechan2_2141	30863	30980	31101	6	1	0	NA	NA
2141	bechan2_2141	30855	30962	31097	6	1	0	NA	NA
2141	bechan2_2141	30849	30966	31094	6	1	0	NA	NA
2141	bechan2_2141	30848	30966	31090	6	1	0	NA	NA
2141	bechan2_2141	30829	30959	30966	6	1	0	NA	NA
2141	bechan2_2141	30801	30959	30983	6	0	0	NA	NA
2141	bechan2_2141	30784	30959	30977	6	1	0	NA	NA
2141	bechan2_2141	30782	30959	30986	9	1	0	NA	NA
2141	bechan2_2141	30780	30959	30980	9	0	0	NA	NA
2141	bechan2_2141	30778	30959	30962	6	1	0	NA	NA
2141	bechan2_2141	30773	30963	31018	6	1	0	NA	NA
2141	bechan2_2141	30769	30959	30963	6	0	0	NA	NA
2141	bechan2_2141	30761	30959	30963	6	0	0	NA	NA
2141	bechan2_2141	30740	31009	30963	6	1	1	NA	NA
2141	bechan2_2141	30736	30959	30963	6	0	0	NA	NA
2141	bechan2_2141	30734	30963	31018	6	1	0	NA	NA
2182	bopofr2_2182	31658	31694	31704	6	0	1	NA	NA
2182	bopofr2_2182	31657	31691	31694	6	1	0	NA	NA
2182	bopofr2_2182	31656	31690	31691	6	1	1	NA	NA
2182	bopofr2_2182	31654	31688	31689	6	1	0	NA	NA
2182	bopofr2_2182	31653	31706	31708	6	0	1	NA	NA
2182	bopofr2_2182	31652	31705	31706	6	1	0	NA	NA
2182	bopofr2_2182	31651	31683	31685	6	1	1	NA	NA
2182	bopofr2_2182	31650	31683	31685	6	1	0	NA	NA
2182	bopofr2_2182	31649	31683	31685	6	1	0	NA	NA
2182	bopofr2_2182	31639	31683	31687	6	1	1	NA	NA
2182	bopofr2_2182	31633	31683	31687	6	1	0	NA	NA
2182	bopofr2_2182	31628	31683	31687	6	1	0	NA	NA
2182	bopofr2_2182	31623	31710	31714	6	0	1	NA	NA
2182	bopofr2_2182	31622	31698	31700	6	0	1	NA	NA
2182	bopofr2_2182	31620	31697	31698	6	0	1	NA	NA
2182	bopofr2_2182	31615	31676	31688	6	1	0	NA	NA
2182	bopofr2_2182	31613	31676	31690	6	1	0	NA	NA
2182	bopofr2_2182	31611	31676	31710	6	1	0	NA	NA
2182	bopofr2_2182	31610	31676	31702	6	1	0	NA	NA
2182	bopofr2_2182	31609	31676	31696	6	1	0	NA	NA
2182	bopofr2_2182	31608	31676	31697	6	1	0	NA	NA
2182	bopofr2_2182	31607	31676	31695	6	0	0	NA	NA
2182	bopofr2_2182	31606	31676	31683	6	1	0	NA	NA
2182	bopofr2_2182	31605	31676	31705	6	1	0	NA	NA
2174	brabgo2_2174	31503	31596	31595	9	1	1	NA	NA
2174	brabgo2_2174	31533	31589	31600	6	0	0	NA	NA
2174	brabgo2_2174	31532	31600	31603	9	1	1	NA	NA
2174	brabgo2_2174	31531	31568	31603	9	0	0	NA	NA
2174	brabgo2_2174	31530	31568	31600	9	0	0	NA	NA
2174	brabgo2_2174	31517	31572	31595	9	1	1	NA	NA
2174	brabgo2_2174	31514	31569	31572	6	1	0	NA	NA
2174	brabgo2_2174	31510	31568	31595	6	0	0	NA	NA
2174	brabgo2_2174	31508	31595	31592	6	1	1	NA	NA
2174	brabgo2_2174	31507	31593	31592	6	1	1	NA	NA
2174	brabgo2_2174	31506	31595	31593	9	1	1	NA	NA
2174	brabgo2_2174	31505	31584	31592	9	1	1	NA	NA
2174	brabgo2_2174	31504	31595	31567	6	0	1	NA	NA
2174	brabgo2_2174	31502	31569	31595	6	1	0	NA	NA
2174	brabgo2_2174	31501	31596	31570	6	1	1	NA	NA
2174	brabgo2_2174	31500	31569	31596	6	1	0	NA	NA
2174	brabgo2_2174	31499	31578	31589	6	0	0	NA	NA
2174	brabgo2_2174	31498	31584	31589	6	0	1	NA	NA
2174	brabgo2_2174	31497	31566	31589	6	1	0	NA	NA
2174	brabgo2_2174	31496	31584	31578	6	0	1	NA	NA
2174	brabgo2_2174	31495	31567	31582	6	0	0	NA	NA
2174	brabgo2_2174	31494	31566	31582	6	1	0	NA	NA
2174	brabgo2_2174	31493	31582	31584	9	1	1	NA	NA
2174	brabgo2_2174	31492	31575	31576	6	1	1	NA	NA
2174	brabgo2_2174	31491	31566	31569	6	1	0	NA	NA
2174	brabgo2_2174	31490	31566	31572	6	1	0	NA	NA
2174	brabgo2_2174	31489	31567	31577	6	1	0	NA	NA
2174	brabgo2_2174	31488	31567	31575	6	1	0	NA	NA
2174	brabgo2_2174	31487	31567	31576	6	1	0	NA	NA
2174	brabgo2_2174	31486	31572	31578	6	1	1	NA	NA
2174	brabgo2_2174	31485	31568	31569	6	1	0	NA	NA
2174	brabgo2_2174	31484	31566	31568	6	1	0	NA	NA
2174	brabgo2_2174	31483	31566	31567	6	1	0	NA	NA
2174	brabgo2_2174	31482	31566	31569	6	1	0	NA	NA
2174	brabgo2_2174	31481	31569	31570	6	1	0	NA	NA
2174	brabgo2_2174	31480	31570	31571	6	1	0	NA	NA
2129	brhuan2_2129	30702	30733	30737	6	1	0	NA	NA
2129	brhuan2_2129	30693	30902	30971	6	1	0	NA	NA
2129	brhuan2_2129	30658	30813	30955	6	1	0	NA	NA
2129	brhuan2_2129	30647	30902	30925	6	1	0	NA	NA
2129	brhuan2_2129	30600	30680	30902	6	1	0	NA	NA
2129	brhuan2_2129	30598	30902	30904	6	1	0	NA	NA
2129	brhuan2_2129	30531	30753	30846	6	1	0	NA	NA
2129	brhuan2_2129	30527	30821	30838	6	1	0	NA	NA
2129	brhuan2_2129	30526	30821	30834	6	1	0	NA	NA
2129	brhuan2_2129	30518	30813	30821	6	1	0	NA	NA
2129	brhuan2_2129	30517	30680	30813	6	1	0	NA	NA
2129	brhuan2_2129	30515	30718	30813	6	1	0	NA	NA
2129	brhuan2_2129	30511	30753	30805	6	1	0	NA	NA
2129	brhuan2_2129	30496	30753	30760	6	1	0	NA	NA
2129	brhuan2_2129	30495	30753	30779	6	1	0	NA	NA
2129	brhuan2_2129	30493	30753	30774	6	1	0	NA	NA
2129	brhuan2_2129	30480	30680	30733	6	1	0	NA	NA
2129	brhuan2_2129	30479	30733	30749	6	1	0	NA	NA
2129	brhuan2_2129	30478	30737	30749	6	1	0	NA	NA
2129	brhuan2_2129	30477	30733	30749	6	1	0	NA	NA
2129	brhuan2_2129	30476	30733	30737	6	1	0	NA	NA
2129	brhuan2_2129	30475	30680	30753	6	1	0	NA	NA
2129	brhuan2_2129	30455	30718	30721	6	1	0	NA	NA
2129	brhuan2_2129	30454	30718	30719	6	1	0	NA	NA
2129	brhuan2_2129	30446	30691	30699	6	1	0	NA	NA
2129	brhuan2_2129	30435	30680	30691	6	1	0	NA	NA
2180	bumado2_2180	31581	31663	31686	6	1	0	NA	NA
2180	bumado2_2180	31580	31650	31681	6	0	0	NA	NA
2180	bumado2_2180	31579	31663	31680	6	1	0	NA	NA
2180	bumado2_2180	31578	31650	31674	6	1	0	NA	NA
2180	bumado2_2180	31577	31663	31672	6	1	0	NA	NA
2180	bumado2_2180	31576	31663	31668	6	1	0	NA	NA
2180	bumado2_2180	31575	31650	31670	6	1	0	NA	NA
2180	bumado2_2180	31574	31663	31668	6	1	0	NA	NA
2180	bumado2_2180	31573	31662	31663	6	1	0	NA	NA
2180	bumado2_2180	31572	31650	31660	6	1	0	NA	NA
2180	bumado2_2180	31571	31650	31658	6	1	0	NA	NA
2180	bumado2_2180	31570	31650	31663	9	0	0	NA	NA
2180	bumado2_2180	31569	31650	31652	6	0	0	NA	NA
2172	cabero2_2172	31400	31482	31519	6	1	0	NA	NA
2172	cabero2_2172	31399	31514	31518	6	1	0	NA	NA
2172	cabero2_2172	31398	31514	31517	6	1	0	NA	NA
2172	cabero2_2172	31390	31512	31514	6	1	0	NA	NA
2172	cabero2_2172	31389	31482	31514	6	1	0	NA	NA
2172	cabero2_2172	31381	31485	31489	6	1	0	NA	NA
2172	cabero2_2172	31374	31482	31485	6	1	0	NA	NA
2172	cabero2_2172	31373	31482	31492	6	1	0	NA	NA
2172	cabero2_2172	31372	31489	31496	6	1	0	NA	NA
2172	cabero2_2172	31371	31489	31492	6	1	0	NA	NA
2172	cabero2_2172	31370	31492	31495	6	1	0	NA	NA
2172	cabero2_2172	31369	31495	31496	6	1	0	NA	NA
2172	cabero2_2172	31368	31492	31496	6	1	0	NA	NA
2127	chbost2_2127	30652	30866	30871	9	0	0	NA	NA
2127	chbost2_2127	30649	30731	30812	9	1	0	NA	NA
2127	chbost2_2127	30648	30700	30864	6	0	0	NA	NA
2127	chbost2_2127	30644	30820	30824	6	0	0	NA	NA
2127	chbost2_2127	30637	30661	30858	9	0	0	NA	NA
2127	chbost2_2127	30635	30858	30866	6	0	0	NA	NA
2127	chbost2_2127	30633	30858	30864	6	0	0	NA	NA
2127	chbost2_2127	30631	30837	30858	6	0	0	NA	NA
2127	chbost2_2127	30629	30824	30837	6	0	0	NA	NA
2127	chbost2_2127	30628	30824	30831	6	0	0	NA	NA
2127	chbost2_2127	30626	30824	30828	9	0	0	NA	NA
2127	chbost2_2127	30624	30824	30845	9	0	0	NA	NA
2127	chbost2_2127	30623	30744	30758	9	0	0	NA	NA
2127	chbost2_2127	30620	30745	30855	9	0	0	NA	NA
2127	chbost2_2127	30615	30744	30764	9	0	0	NA	NA
2127	chbost2_2127	30609	30745	30764	9	0	0	NA	NA
2127	chbost2_2127	30606	30745	30754	9	0	0	NA	NA
2127	chbost2_2127	30604	30750	30754	9	0	0	NA	NA
2127	chbost2_2127	30602	30744	30754	9	0	0	NA	NA
2127	chbost2_2127	30597	30744	30750	9	0	0	NA	NA
2127	chbost2_2127	30594	30745	30750	9	0	0	NA	NA
2127	chbost2_2127	30591	30744	30745	9	0	0	NA	NA
2127	chbost2_2127	30587	30871	30876	9	0	0	NA	NA
2127	chbost2_2127	30585	30786	30800	6	1	0	NA	NA
2127	chbost2_2127	30583	30800	30817	6	1	0	NA	NA
2127	chbost2_2127	30580	30780	30817	6	1	0	NA	NA
2127	chbost2_2127	30579	30780	30795	6	1	0	NA	NA
2127	chbost2_2127	30578	30780	30786	9	1	0	NA	NA
2127	chbost2_2127	30577	30780	30812	9	1	0	NA	NA
2127	chbost2_2127	30574	30780	30808	9	1	0	NA	NA
2127	chbost2_2127	30572	30700	30731	9	1	0	NA	NA
2127	chbost2_2127	30567	30700	30728	9	1	0	NA	NA
2127	chbost2_2127	30565	30700	30712	9	1	0	NA	NA
2127	chbost2_2127	30562	30700	30739	9	1	0	NA	NA
2127	chbost2_2127	30560	30661	30820	6	1	0	NA	NA
2127	chbost2_2127	30559	30661	30871	6	1	0	NA	NA
2127	chbost2_2127	30558	30661	30780	9	1	0	NA	NA
2127	chbost2_2127	30555	30661	30824	9	0	0	NA	NA
2127	chbost2_2127	30553	30661	30744	9	0	0	NA	NA
2127	chbost2_2127	30550	30661	30700	9	1	0	NA	NA
2127	chbost2_2127	30549	30661	30700	6	1	0	NA	NA
2127	chbost2_2127	30543	30661	30866	6	1	0	NA	NA
2159	chrost2_2159	31229	31351	31353	9	1	1	NA	NA
2159	chrost2_2159	31228	31294	31351	9	1	1	NA	NA
2159	chrost2_2159	31222	31327	31348	9	1	1	NA	NA
2159	chrost2_2159	31215	31341	31346	9	1	1	NA	NA
2159	chrost2_2159	31209	31330	31341	9	1	1	NA	NA
2159	chrost2_2159	31208	31330	31341	9	1	0	NA	NA
2159	chrost2_2159	31207	31330	31333	9	1	1	NA	NA
2159	chrost2_2159	31206	31294	31330	9	1	1	NA	NA
2159	chrost2_2159	31205	31299	31334	9	1	1	NA	NA
2159	chrost2_2159	31201	31294	31327	6	1	1	NA	NA
2159	chrost2_2159	31187	31294	31301	9	1	1	NA	NA
2159	chrost2_2159	31186	31294	31299	9	1	1	NA	NA
2159	chrost2_2159	31184	31299	31308	9	1	1	NA	NA
2159	chrost2_2159	31162	31299	31304	9	1	1	NA	NA
2204	cofrni2_2204	31975	32007	32018	6	1	0	NA	NA
2204	cofrni2_2204	31974	32005	32006	6	1	0	NA	NA
2204	cofrni2_2204	31973	32010	32017	6	1	0	NA	NA
2204	cofrni2_2204	31972	32015	32016	6	1	0	NA	NA
2204	cofrni2_2204	31971	32012	32015	6	1	0	NA	NA
2204	cofrni2_2204	31970	32004	32013	6	1	0	NA	NA
2204	cofrni2_2204	31969	32004	32010	6	1	0	NA	NA
2204	cofrni2_2204	31968	32004	32007	6	1	0	NA	NA
2204	cofrni2_2204	31967	32004	32006	6	1	0	NA	NA
2204	cofrni2_2204	31966	32004	32015	6	0	0	NA	NA
2204	cofrni2_2204	31965	32004	32018	6	1	0	NA	NA
2204	cofrni2_2204	31964	32004	32012	6	1	0	NA	NA
2204	cofrni2_2204	31963	32004	32014	6	0	0	NA	NA
2204	cofrni2_2204	31962	32004	32011	6	1	0	NA	NA
2204	cofrni2_2204	31961	32004	32017	6	1	0	NA	NA
2204	cofrni2_2204	31960	32004	32008	6	1	0	NA	NA
2204	cofrni2_2204	31959	32004	32016	6	0	0	NA	NA
2204	cofrni2_2204	31958	32004	32005	6	1	0	NA	NA
2204	cofrni2_2204	31957	32004	32009	6	1	0	NA	NA
2140	crjori2_2140	30844	30891	30943	9	0	0	NA	NA
2140	crjori2_2140	30840	30891	31075	6	0	0	NA	NA
2140	crjori2_2140	30835	31051	31062	6	1	0	NA	NA
2140	crjori2_2140	30833	31035	31062	6	1	0	NA	NA
2140	crjori2_2140	30828	30891	31062	9	1	0	NA	NA
2140	crjori2_2140	30710	30912	30917	6	1	0	NA	NA
2140	crjori2_2140	30707	30917	30931	9	1	0	NA	NA
2140	crjori2_2140	30705	30917	30936	9	1	0	NA	NA
2140	crjori2_2140	30697	30891	30912	6	1	0	NA	NA
2140	crjori2_2140	30696	30891	30943	6	1	0	NA	NA
2140	crjori2_2140	30686	30943	30957	9	1	0	NA	NA
2140	crjori2_2140	30679	30943	30972	6	1	0	NA	NA
2140	crjori2_2140	30675	30943	30957	6	1	0	NA	NA
2140	crjori2_2140	30674	30943	30949	6	1	0	NA	NA
2140	crjori2_2140	30671	30943	30946	6	1	0	NA	NA
2230	dewaed2_2230	32561	32731	32927	6	1	0	NA	NA
2230	dewaed2_2230	32557	32855	32857	6	1	0	NA	NA
2230	dewaed2_2230	32556	32855	32856	6	1	0	NA	NA
2230	dewaed2_2230	32555	32645	32855	6	1	0	NA	NA
2230	dewaed2_2230	32431	32645	32728	6	1	0	NA	NA
2230	dewaed2_2230	32429	32728	32729	6	1	0	NA	NA
2230	dewaed2_2230	32427	32731	32732	6	1	0	NA	NA
2230	dewaed2_2230	32424	32730	32731	6	1	0	NA	NA
2230	dewaed2_2230	32423	32728	32730	6	1	0	NA	NA
2230	dewaed2_2230	32407	32726	32727	6	1	0	NA	NA
2230	dewaed2_2230	32405	32645	32727	6	1	0	NA	NA
2230	dewaed2_2230	32398	32722	32725	6	1	0	NA	NA
2230	dewaed2_2230	32397	32720	32722	6	1	0	NA	NA
2230	dewaed2_2230	32393	32723	32724	6	1	0	NA	NA
2230	dewaed2_2230	32392	32721	32723	6	1	0	NA	NA
2230	dewaed2_2230	32391	32720	32721	6	1	0	NA	NA
2230	dewaed2_2230	32390	32645	32720	6	1	0	NA	NA
2230	dewaed2_2230	32389	32645	32719	6	1	0	NA	NA
2230	dewaed2_2230	32384	32649	32651	6	1	0	NA	NA
2230	dewaed2_2230	32383	32649	32650	6	1	0	NA	NA
2230	dewaed2_2230	32382	32649	32652	6	1	0	NA	NA
2230	dewaed2_2230	32381	32645	32649	6	1	0	NA	NA
2230	dewaed2_2230	32380	32646	32648	6	1	0	NA	NA
2230	dewaed2_2230	32379	32646	32647	6	1	0	NA	NA
2230	dewaed2_2230	32378	32645	32646	6	1	0	NA	NA
2155	dheaku2_2155	31072	31238	31163	6	1	0	NA	NA
2155	dheaku2_2155	31061	31185	31163	6	0	0	NA	NA
2155	dheaku2_2155	31057	31163	31193	9	1	1	NA	NA
2155	dheaku2_2155	31056	31163	31191	9	1	1	NA	NA
2155	dheaku2_2155	31053	31187	31210	9	1	0	NA	NA
2155	dheaku2_2155	31051	31163	31187	9	1	1	NA	NA
2118	dinoro2_2118	30459	30614	30734	6	1	0	NA	NA
2118	dinoro2_2118	30452	30614	30725	6	1	0	NA	NA
2118	dinoro2_2118	30448	30614	30716	6	1	0	NA	NA
2118	dinoro2_2118	30430	30632	30674	6	1	1	NA	NA
2118	dinoro2_2118	30427	30623	30624	6	1	1	NA	NA
2118	dinoro2_2118	30419	30632	30634	6	1	1	NA	NA
2118	dinoro2_2118	30417	30627	30630	6	1	0	NA	NA
2118	dinoro2_2118	30415	30614	30637	6	1	0	NA	NA
2118	dinoro2_2118	30414	30623	30644	6	1	0	NA	NA
2118	dinoro2_2118	30412	30623	30643	6	1	0	NA	NA
2118	dinoro2_2118	30406	30614	30640	6	1	0	NA	NA
2118	dinoro2_2118	30405	30614	30628	6	1	0	NA	NA
2118	dinoro2_2118	30404	30614	30623	6	1	0	NA	NA
2118	dinoro2_2118	30403	30614	30624	6	1	0	NA	NA
2118	dinoro2_2118	30401	30614	30626	6	1	0	NA	NA
2118	dinoro2_2118	30400	30614	30632	6	1	0	NA	NA
2118	dinoro2_2118	30399	30614	30627	6	1	0	NA	NA
2118	dinoro2_2118	30398	30614	30620	6	1	0	NA	NA
2118	dinoro2_2118	30395	30614	30645	6	1	0	NA	NA
2118	dinoro2_2118	30392	30623	30644	6	1	0	NA	NA
2392	fastst2_2392	35648	39176	39170	6	1	0	NA	NA
2392	fastst2_2392	35647	39174	39170	6	1	0	NA	NA
2392	fastst2_2392	35646	39175	39170	6	1	0	NA	NA
2392	fastst2_2392	35643	39177	39182	6	1	0	NA	NA
2392	fastst2_2392	35642	39181	39182	6	1	0	NA	NA
2392	fastst2_2392	35641	39170	39182	9	0	0	NA	NA
2392	fastst2_2392	35640	39171	39178	6	1	0	NA	NA
2392	fastst2_2392	35639	39171	39179	6	1	0	NA	NA
2392	fastst2_2392	35638	39171	39180	6	1	0	NA	NA
2392	fastst2_2392	35636	39170	39171	6	1	1	NA	NA
2187	foblcr2_2187	31754	31790	31795	6	1	0	NA	NA
2187	foblcr2_2187	31753	31787	31795	6	1	0	NA	NA
2187	foblcr2_2187	31752	31793	31794	6	0	0	NA	NA
2187	foblcr2_2187	31751	31792	31794	6	1	0	NA	NA
2187	foblcr2_2187	31750	31792	31793	6	1	0	NA	NA
2187	foblcr2_2187	31749	31778	31792	6	1	0	NA	NA
2187	foblcr2_2187	31748	31787	31790	6	1	0	NA	NA
2187	foblcr2_2187	31747	31787	31788	6	1	0	NA	NA
2187	foblcr2_2187	31746	31785	31786	6	1	0	NA	NA
2187	foblcr2_2187	31745	31780	31791	6	1	0	NA	NA
2187	foblcr2_2187	31744	31784	31791	6	1	0	NA	NA
2187	foblcr2_2187	31743	31783	31791	6	1	0	NA	NA
2187	foblcr2_2187	31742	31782	31791	6	1	0	NA	NA
2187	foblcr2_2187	31741	31778	31787	6	1	0	NA	NA
2187	foblcr2_2187	31740	31778	31791	6	1	0	NA	NA
2187	foblcr2_2187	31739	31779	31780	6	1	0	NA	NA
2187	foblcr2_2187	31738	31779	31781	6	1	0	NA	NA
2187	foblcr2_2187	31737	31779	31781	6	1	0	NA	NA
2187	foblcr2_2187	31736	31778	31779	6	1	0	NA	NA
2187	foblcr2_2187	31735	31778	31789	6	1	0	NA	NA
2187	foblcr2_2187	31734	31778	31785	6	1	0	NA	NA
2157	gicrto2_2157	31236	31278	31339	9	0	0	NA	NA
2157	gicrto2_2157	31235	31278	31350	6	0	0	NA	NA
2157	gicrto2_2157	31234	31325	31316	6	0	1	NA	NA
2157	gicrto2_2157	31233	31278	31316	6	0	0	NA	NA
2157	gicrto2_2157	31226	31335	31352	6	0	0	NA	NA
2157	gicrto2_2157	31225	31320	31335	6	0	0	NA	NA
2157	gicrto2_2157	31224	31320	31329	9	0	0	NA	NA
2157	gicrto2_2157	31223	31278	31320	6	0	0	NA	NA
2157	gicrto2_2157	31221	31278	31320	6	0	0	NA	NA
2157	gicrto2_2157	31220	31344	31300	6	1	1	NA	NA
2157	gicrto2_2157	31219	31310	31313	6	1	0	NA	NA
2157	gicrto2_2157	31218	31278	31313	6	1	0	NA	NA
2157	gicrto2_2157	31217	31278	31302	9	1	0	NA	NA
2157	gicrto2_2157	31216	31300	31305	6	1	0	NA	NA
2157	gicrto2_2157	31214	31300	31307	6	1	0	NA	NA
2157	gicrto2_2157	31213	31284	31296	6	1	0	NA	NA
2157	gicrto2_2157	31212	31278	31296	9	1	0	NA	NA
2157	gicrto2_2157	31211	31278	31300	9	1	0	NA	NA
2121	grstri2_2121	30473	30651	30751	6	1	0	NA	NA
2121	grstri2_2121	30575	30751	30899	6	0	0	NA	NA
2183	guohti2_2183	31621	31717	31719	6	1	1	NA	NA
2183	guohti2_2183	31619	31713	31718	6	1	0	NA	NA
2183	guohti2_2183	31618	31711	31718	6	1	0	NA	NA
2183	guohti2_2183	31617	31711	31715	6	1	0	NA	NA
2183	guohti2_2183	31616	31711	31713	6	1	0	NA	NA
2183	guohti2_2183	31614	31711	31713	6	0	0	NA	NA
2183	guohti2_2183	31612	31711	31717	6	1	0	NA	NA
2183	guohti2_2183	31604	31715	31716	6	1	0	NA	NA
2156	habrfa2_2156	31115	31267	31272	6	1	0	NA	NA
2156	habrfa2_2156	31105	31267	31269	6	1	0	NA	NA
2156	habrfa2_2156	31100	31189	31267	6	1	1	NA	NA
2156	habrfa2_2156	31095	31260	31179	6	1	1	NA	NA
2156	habrfa2_2156	31093	31260	31258	6	1	1	NA	NA
2156	habrfa2_2156	31092	31169	31260	6	1	0	NA	NA
2156	habrfa2_2156	31090	31179	31258	6	1	1	NA	NA
2156	habrfa2_2156	31084	31179	31251	6	1	0	NA	NA
2156	habrfa2_2156	31075	31175	31218	6	1	1	NA	NA
2156	habrfa2_2156	31069	31235	31179	6	1	1	NA	NA
2156	habrfa2_2156	31045	31226	31177	6	1	1	NA	NA
2156	habrfa2_2156	31054	31177	31228	6	0	0	NA	NA
2156	habrfa2_2156	31032	31196	31209	6	1	1	NA	NA
2156	habrfa2_2156	31030	31175	31209	6	1	1	NA	NA
2156	habrfa2_2156	31021	31189	31196	6	1	1	NA	NA
2156	habrfa2_2156	31014	31174	31183	6	1	1	NA	NA
2156	habrfa2_2156	31012	31174	31189	6	1	1	NA	NA
2156	habrfa2_2156	30987	31169	31179	6	1	0	NA	NA
2156	habrfa2_2156	30985	31169	31177	6	1	0	NA	NA
2156	habrfa2_2156	30984	31169	31175	9	1	0	NA	NA
2156	habrfa2_2156	30981	31169	31174	9	1	0	NA	NA
2167	halida2_2167	31352	31414	31417	6	1	0	NA	NA
2167	halida2_2167	31345	31414	31418	6	1	0	NA	NA
2167	halida2_2167	31344	31414	31441	6	1	0	NA	NA
2167	halida2_2167	31343	31414	31431	6	1	0	NA	NA
2167	halida2_2167	31342	31414	31427	6	1	0	NA	NA
2167	halida2_2167	31340	31414	31435	6	1	0	NA	NA
2147	hateah2_2147	30898	31026	31042	6	1	0	NA	NA
2147	hateah2_2147	30893	31076	31098	6	0	0	NA	NA
2147	hateah2_2147	30890	31071	31098	6	0	0	NA	NA
2147	hateah2_2147	30884	31082	30990	6	1	1	NA	NA
2147	hateah2_2147	30883	31082	31083	6	1	0	NA	NA
2147	hateah2_2147	30881	31082	31087	6	1	0	NA	NA
2147	hateah2_2147	30879	31098	30990	6	1	1	NA	NA
2147	hateah2_2147	30878	31091	31098	6	1	0	NA	NA
2147	hateah2_2147	30877	31095	31098	6	1	0	NA	NA
2147	hateah2_2147	30876	30990	31076	6	1	0	NA	NA
2147	hateah2_2147	30875	30990	31071	6	1	0	NA	NA
2147	hateah2_2147	30871	31045	30990	6	1	1	NA	NA
2147	hateah2_2147	30870	31045	31057	6	1	0	NA	NA
2147	hateah2_2147	30867	31045	31054	6	0	0	NA	NA
2147	hateah2_2147	30864	31042	30990	6	0	1	NA	NA
2147	hateah2_2147	30862	31042	31065	6	1	0	NA	NA
2147	hateah2_2147	30861	31022	31065	6	1	0	NA	NA
2147	hateah2_2147	30860	31033	31042	6	1	0	NA	NA
2147	hateah2_2147	30859	31022	31033	6	1	0	NA	NA
2147	hateah2_2147	30858	31022	31026	6	1	0	NA	NA
2169	haweph2_2169	31461	31436	31545	6	1	0	NA	NA
2169	haweph2_2169	31460	31447	31545	6	1	0	NA	NA
2169	haweph2_2169	31459	31490	31543	6	1	0	NA	NA
2169	haweph2_2169	31456	31447	31543	6	1	0	NA	NA
2169	haweph2_2169	31446	31434	31533	6	1	0	NA	NA
2169	haweph2_2169	31445	31438	31533	6	1	0	NA	NA
2169	haweph2_2169	31435	31423	31447	6	1	0	NA	NA
2169	haweph2_2169	31432	31423	31436	6	1	0	NA	NA
2169	haweph2_2169	31429	31423	31438	6	1	0	NA	NA
2169	haweph2_2169	31428	31438	31515	6	1	0	NA	NA
2169	haweph2_2169	31427	31438	31510	6	1	0	NA	NA
2169	haweph2_2169	31425	31438	31520	6	1	0	NA	NA
2169	haweph2_2169	31424	31447	31504	6	1	0	NA	NA
2169	haweph2_2169	31423	31447	31499	6	1	0	NA	NA
2169	haweph2_2169	31422	31447	31490	6	1	0	NA	NA
2169	haweph2_2169	31421	31436	31521	6	1	0	NA	NA
2169	haweph2_2169	31420	31436	31479	6	1	0	NA	NA
2169	haweph2_2169	31418	31436	31526	6	1	0	NA	NA
2169	haweph2_2169	31415	31436	31527	6	1	0	NA	NA
2169	haweph2_2169	31405	31423	31434	6	1	0	NA	NA
2169	haweph2_2169	31404	31434	31472	6	1	0	NA	NA
2169	haweph2_2169	31403	31434	31466	6	1	0	NA	NA
2169	haweph2_2169	31402	31434	31461	6	1	0	NA	NA
2114	kabosa2_2114	30411	30600	30662	6	1	0	NA	NA
2114	kabosa2_2114	30402	30600	30656	6	1	0	NA	NA
2114	kabosa2_2114	30390	30610	30646	6	1	0	NA	NA
2114	kabosa2_2114	30389	30636	30646	6	1	0	NA	NA
2114	kabosa2_2114	30387	30610	30636	6	1	0	NA	NA
2114	kabosa2_2114	30385	30600	30636	6	0	0	NA	NA
2114	kabosa2_2114	30373	30600	30615	6	1	0	NA	NA
2114	kabosa2_2114	30372	30605	30610	6	1	0	NA	NA
2114	kabosa2_2114	30369	30602	30605	6	0	0	NA	NA
2114	kabosa2_2114	30368	30601	30605	6	0	0	NA	NA
2114	kabosa2_2114	30367	30601	30602	9	1	0	NA	NA
2114	kabosa2_2114	30366	30600	30601	6	1	0	NA	NA
2144	knbane2_2144	31903	31123	31991	6	1	0	NA	NA
2144	knbane2_2144	31902	31200	31991	6	1	0	NA	NA
2144	knbane2_2144	31901	31136	31991	6	1	0	NA	NA
2144	knbane2_2144	31900	31014	31991	9	1	0	NA	NA
2144	knbane2_2144	31899	31223	31991	6	1	0	NA	NA
2144	knbane2_2144	31070	31136	31047	6	0	0	NA	NA
2144	knbane2_2144	31066	30998	31223	6	1	0	NA	NA
2144	knbane2_2144	31031	31136	31200	9	1	0	NA	NA
2144	knbane2_2144	30939	31136	31047	6	1	0	NA	NA
2144	knbane2_2144	30915	31047	31136	6	1	0	NA	NA
2144	knbane2_2144	30913	31047	31136	6	0	0	NA	NA
2144	knbane2_2144	30902	31068	31123	9	1	0	NA	NA
2144	knbane2_2144	30777	31014	31047	6	1	0	NA	NA
2144	knbane2_2144	30725	30998	31014	9	1	0	NA	NA
2146	lamigr2_2146	31026	31128	31204	6	1	0	NA	NA
2146	lamigr2_2146	30954	31031	31156	6	0	0	NA	NA
2146	lamigr2_2146	30940	31128	31156	6	1	0	NA	NA
2146	lamigr2_2146	30930	31039	31079	6	1	0	NA	NA
2146	lamigr2_2146	30901	30988	31128	6	1	0	NA	NA
2146	lamigr2_2146	30873	31049	31111	6	0	0	NA	NA
2146	lamigr2_2146	30872	31104	31111	6	1	0	NA	NA
2146	lamigr2_2146	30866	30988	31104	6	1	0	NA	NA
2146	lamigr2_2146	30856	31079	31096	6	1	0	NA	NA
2146	lamigr2_2146	30831	31072	31079	6	1	0	NA	NA
2146	lamigr2_2146	30817	30988	31072	6	0	0	NA	NA
2146	lamigr2_2146	30790	30988	31049	6	1	0	NA	NA
2146	lamigr2_2146	30768	31031	31039	6	1	0	NA	NA
2146	lamigr2_2146	30755	30988	31031	6	1	0	NA	NA
2160	lesole2_2160	31204	31312	31326	6	1	0	NA	NA
2160	lesole2_2160	31203	31321	31323	6	1	1	NA	NA
2160	lesole2_2160	31202	31312	31321	6	1	0	NA	NA
2160	lesole2_2160	31200	31312	31322	9	1	0	NA	NA
2160	lesole2_2160	31199	31312	31323	6	1	0	NA	NA
2160	lesole2_2160	31198	31312	31324	6	1	0	NA	NA
2160	lesole2_2160	31197	31318	31319	6	1	1	NA	NA
2160	lesole2_2160	31196	31312	31318	6	0	1	NA	NA
2160	lesole2_2160	31195	31314	31315	6	1	1	NA	NA
2160	lesole2_2160	31194	31312	31314	6	0	1	NA	NA
2160	lesole2_2160	31193	31312	31317	6	0	1	NA	NA
2160	lesole2_2160	31192	31312	31317	6	0	0	NA	NA
2188	lileal2_2188	31779	31801	31810	9	1	0	NA	NA
2188	lileal2_2188	31778	31800	31812	9	0	0	NA	NA
2188	lileal2_2188	31777	31800	31811	9	1	0	NA	NA
2188	lileal2_2188	31776	31799	31815	9	0	0	NA	NA
2188	lileal2_2188	31775	31799	31813	6	0	0	NA	NA
2188	lileal2_2188	31774	31799	31814	9	0	0	NA	NA
2188	lileal2_2188	31773	31798	31803	9	1	0	NA	NA
2188	lileal2_2188	31772	31798	31804	6	1	0	NA	NA
2188	lileal2_2188	31771	31797	31807	6	1	0	NA	NA
2188	lileal2_2188	31770	31797	31805	6	1	0	NA	NA
2188	lileal2_2188	31769	31797	31806	9	0	0	NA	NA
2188	lileal2_2188	31767	31802	31808	9	1	0	NA	NA
2188	lileal2_2188	31766	31801	31809	9	1	0	NA	NA
2188	lileal2_2188	31765	31800	31796	6	1	1	NA	NA
2188	lileal2_2188	31763	31796	31801	9	1	1	NA	NA
2188	lileal2_2188	31762	31802	31796	6	1	1	NA	NA
2188	lileal2_2188	31760	31797	31796	6	1	1	NA	NA
2188	lileal2_2188	31759	31796	31799	6	0	0	NA	NA
2188	lileal2_2188	31757	31798	31796	9	1	1	NA	NA
2188	lileal2_2188	31756	31799	31796	9	1	1	NA	NA
2188	lileal2_2188	31755	31799	31796	6	1	1	NA	NA
2115	maaval2_2115	30450	30693	30720	6	1	0	NA	NA
2115	maaval2_2115	30447	30693	30715	6	1	0	NA	NA
2115	maaval2_2115	30441	30693	30703	6	1	0	NA	NA
2115	maaval2_2115	30437	30604	30693	6	1	0	NA	NA
2115	maaval2_2115	30436	30604	30693	6	1	0	NA	NA
2115	maaval2_2115	30428	30650	30681	6	1	0	NA	NA
2115	maaval2_2115	30416	30625	30667	6	1	0	NA	NA
2115	maaval2_2115	30407	30650	30659	6	1	0	NA	NA
2115	maaval2_2115	30397	30650	30655	6	1	0	NA	NA
2115	maaval2_2115	30393	30604	30650	6	1	0	NA	NA
2115	maaval2_2115	30386	30625	30633	6	1	0	NA	NA
2115	maaval2_2115	30384	30625	30629	6	1	0	NA	NA
2115	maaval2_2115	30383	30604	30625	6	1	0	NA	NA
2115	maaval2_2115	30378	30604	30622	6	0	0	NA	NA
2115	maaval2_2115	30374	30604	30612	6	0	0	NA	NA
2115	maaval2_2115	30371	30604	30609	6	0	0	NA	NA
2139	makgda2_2139	30792	30921	30933	6	0	0	NA	NA
2139	makgda2_2139	30787	30909	30915	6	0	0	NA	NA
2139	makgda2_2139	30779	30898	30915	6	0	0	NA	NA
2139	makgda2_2139	30774	30909	30926	9	1	0	NA	NA
2139	makgda2_2139	30765	30906	30908	6	1	0	NA	NA
2139	makgda2_2139	30753	30898	30873	6	1	1	NA	NA
2139	makgda2_2139	30747	30908	30873	6	1	1	NA	NA
2139	makgda2_2139	30744	30933	30873	6	1	1	NA	NA
2139	makgda2_2139	30739	30909	30873	6	1	1	NA	NA
2139	makgda2_2139	30733	30935	30873	6	1	1	NA	NA
2139	makgda2_2139	30721	30915	30873	6	1	1	NA	NA
2139	makgda2_2139	30713	30921	30873	6	1	1	NA	NA
2139	makgda2_2139	30711	30915	30873	6	1	1	NA	NA
2139	makgda2_2139	30708	30915	30973	6	1	1	NA	NA
2154	maorpa2_2154	31182	31215	31303	6	1	0	NA	NA
2154	maorpa2_2154	31181	31215	31291	6	1	0	NA	NA
2154	maorpa2_2154	31180	31212	31266	6	1	0	NA	NA
2154	maorpa2_2154	31179	31201	31257	6	1	0	NA	NA
2154	maorpa2_2154	31176	31201	31217	6	1	0	NA	NA
2154	maorpa2_2154	31173	31208	31225	6	1	0	NA	NA
2154	maorpa2_2154	31172	31181	31291	6	1	0	NA	NA
2154	maorpa2_2154	31171	31181	31303	6	1	0	NA	NA
2154	maorpa2_2154	31170	31181	31246	6	1	0	NA	NA
2154	maorpa2_2154	31168	31181	31201	6	1	0	NA	NA
2154	maorpa2_2154	31167	31181	31195	6	1	0	NA	NA
2154	maorpa2_2154	31166	31181	31227	6	1	0	NA	NA
2154	maorpa2_2154	31165	31181	31217	6	1	0	NA	NA
2154	maorpa2_2154	31164	31181	31217	6	1	0	NA	NA
2154	maorpa2_2154	31163	31181	31257	6	1	0	NA	NA
2154	maorpa2_2154	31160	31181	31285	6	1	0	NA	NA
2154	maorpa2_2154	31159	31181	31266	6	1	0	NA	NA
2154	maorpa2_2154	31158	31181	31212	6	1	0	NA	NA
2154	maorpa2_2154	31157	31188	31283	6	1	0	NA	NA
2154	maorpa2_2154	31156	31181	31262	6	1	0	NA	NA
2154	maorpa2_2154	31154	31181	31188	6	1	0	NA	NA
2154	maorpa2_2154	31153	31181	31203	6	1	0	NA	NA
2154	maorpa2_2154	31152	31181	31241	6	1	0	NA	NA
2154	maorpa2_2154	31151	31181	31275	6	1	0	NA	NA
2154	maorpa2_2154	31150	31181	31225	6	1	0	NA	NA
2154	maorpa2_2154	31149	31181	31208	6	1	0	NA	NA
2154	maorpa2_2154	31148	31181	31276	6	1	0	NA	NA
2154	maorpa2_2154	31146	31181	31265	6	1	0	NA	NA
2154	maorpa2_2154	31145	31181	31280	6	1	0	NA	NA
2154	maorpa2_2154	31144	31181	31280	6	1	0	NA	NA
2154	maorpa2_2154	31142	31181	31215	6	1	0	NA	NA
2154	maorpa2_2154	31141	31215	31280	6	1	0	NA	NA
2154	maorpa2_2154	31139	31181	31280	6	1	0	NA	NA
2154	maorpa2_2154	31137	31181	31280	6	1	0	NA	NA
2154	maorpa2_2154	31131	31181	31280	6	1	0	NA	NA
2154	maorpa2_2154	31130	31181	31280	6	1	0	NA	NA
2154	maorpa2_2154	31129	31181	31271	6	1	0	NA	NA
2148	maphro2_2148	31183	31012	31309	6	1	0	NA	NA
2148	maphro2_2148	31169	31143	31298	6	0	0	NA	NA
2148	maphro2_2148	31134	31012	31298	6	1	0	NA	NA
2148	maphro2_2148	31123	31012	31252	6	1	0	NA	NA
2148	maphro2_2148	31121	31242	31273	6	1	0	NA	NA
2148	maphro2_2148	31120	31242	31274	6	1	0	NA	NA
2148	maphro2_2148	31077	31012	31242	6	1	0	NA	NA
2148	maphro2_2148	31060	31012	31143	6	1	0	NA	NA
2148	maphro2_2148	31037	31032	31202	6	1	0	NA	NA
2148	maphro2_2148	31036	31032	31207	6	1	0	NA	NA
2148	maphro2_2148	30911	31012	31122	9	0	0	NA	NA
2148	maphro2_2148	30843	31012	31081	6	1	1	NA	NA
2148	maphro2_2148	30842	31012	31081	6	1	0	NA	NA
2148	maphro2_2148	30788	31012	31032	6	1	1	NA	NA
2150	mcinow2_2150	30928	31080	31149	6	1	0	NA	NA
2150	mcinow2_2150	30923	31080	31145	6	1	0	NA	NA
2150	mcinow2_2150	30916	31074	31142	6	1	0	NA	NA
2150	mcinow2_2150	30904	31130	31089	9	1	1	NA	NA
2150	mcinow2_2150	30900	31089	31118	6	1	0	NA	NA
2150	mcinow2_2150	30896	31126	31089	6	1	1	NA	NA
2150	mcinow2_2150	30885	31118	31089	6	1	1	NA	NA
2150	mcinow2_2150	30882	31089	31118	6	1	0	NA	NA
2150	mcinow2_2150	30874	31077	31110	6	1	0	NA	NA
2150	mcinow2_2150	30865	31099	31102	6	1	0	NA	NA
2150	mcinow2_2150	30857	31077	31099	6	1	0	NA	NA
2150	mcinow2_2150	30854	31074	31080	6	1	0	NA	NA
2150	mcinow2_2150	30850	31089	31074	6	0	1	NA	NA
2150	mcinow2_2150	30847	31077	31074	9	1	1	NA	NA
2123	mecopa2_2123	30869	30649	31108	9	0	0	NA	NA
2123	mecopa2_2123	30838	30649	31085	6	1	0	NA	NA
2123	mecopa2_2123	30800	30649	31059	9	0	0	NA	NA
2123	mecopa2_2123	30738	30649	31021	6	1	0	NA	NA
2123	mecopa2_2123	30720	30649	31016	9	0	0	NA	NA
2123	mecopa2_2123	30703	30649	30992	6	1	0	NA	NA
2123	mecopa2_2123	30688	30794	30982	9	1	0	NA	NA
2123	mecopa2_2123	30664	30649	30967	6	1	0	NA	NA
2123	mecopa2_2123	30619	30649	30934	6	1	0	NA	NA
2123	mecopa2_2123	30603	30649	30920	6	0	0	NA	NA
2123	mecopa2_2123	30561	30865	30892	9	1	0	NA	NA
2123	mecopa2_2123	30552	30865	30881	9	1	0	NA	NA
2123	mecopa2_2123	30538	30649	30865	6	1	0	NA	NA
2123	mecopa2_2123	30532	30794	30847	9	1	0	NA	NA
2123	mecopa2_2123	30522	30794	30833	9	1	0	NA	NA
2123	mecopa2_2123	30510	30794	30804	9	1	0	NA	NA
2123	mecopa2_2123	30506	30649	30794	6	1	0	NA	NA
2123	mecopa2_2123	30453	30678	30726	9	0	0	NA	NA
2123	mecopa2_2123	30440	30678	30704	6	1	0	NA	NA
2123	mecopa2_2123	30423	30649	30678	6	0	0	NA	NA
2123	mecopa2_2123	30410	30649	30664	9	1	0	NA	NA
2161	melial2_2161	31254	31331	31347	6	1	1	NA	NA
2161	melial2_2161	31253	31338	31342	6	1	0	NA	NA
2161	melial2_2161	31252	31331	31342	6	1	1	NA	NA
2161	melial2_2161	31251	31336	31340	6	1	0	NA	NA
2161	melial2_2161	31250	31336	31337	6	1	0	NA	NA
2161	melial2_2161	31249	31331	31336	6	0	1	NA	NA
2161	melial2_2161	31248	31331	31337	6	0	1	NA	NA
2161	melial2_2161	31246	31331	31340	6	0	1	NA	NA
2161	melial2_2161	31245	31343	31345	6	1	0	NA	NA
2161	melial2_2161	31244	31345	31331	6	1	1	NA	NA
2161	melial2_2161	31242	31343	31331	6	1	1	NA	NA
2161	melial2_2161	31238	31332	31349	6	1	0	NA	NA
2161	melial2_2161	31237	31331	31332	6	1	1	NA	NA
2186	moaahe2_2186	31733	31773	31775	6	1	0	NA	NA
2186	moaahe2_2186	31732	31769	31773	6	1	0	NA	NA
2186	moaahe2_2186	31731	31768	31773	6	1	0	NA	NA
2186	moaahe2_2186	31730	31773	31774	6	1	0	NA	NA
2186	moaahe2_2186	31729	31773	31774	6	1	0	NA	NA
2186	moaahe2_2186	31728	31771	31772	6	1	0	NA	NA
2186	moaahe2_2186	31727	31771	31769	6	1	1	NA	NA
2186	moaahe2_2186	31726	31771	31768	6	1	1	NA	NA
2186	moaahe2_2186	31725	31771	31774	6	1	1	NA	NA
2186	moaahe2_2186	31724	31772	31774	6	1	0	NA	NA
2186	moaahe2_2186	31722	31761	31767	6	1	0	NA	NA
2186	moaahe2_2186	31721	31761	31769	6	1	0	NA	NA
2186	moaahe2_2186	31720	31761	31771	6	1	0	NA	NA
2186	moaahe2_2186	31719	31761	31772	6	1	0	NA	NA
2186	moaahe2_2186	31718	31761	31773	6	1	0	NA	NA
2186	moaahe2_2186	31717	31775	31776	6	1	0	NA	NA
2186	moaahe2_2186	31716	31761	31775	6	1	0	NA	NA
2186	moaahe2_2186	31715	31764	31776	6	1	1	NA	NA
2186	moaahe2_2186	31714	31763	31765	6	1	1	NA	NA
2186	moaahe2_2186	31713	31763	31764	6	1	1	NA	NA
2186	moaahe2_2186	31712	31761	31763	6	1	0	NA	NA
2186	moaahe2_2186	31711	31761	31764	6	1	1	NA	NA
2186	moaahe2_2186	31710	31762	31766	6	1	0	NA	NA
2186	moaahe2_2186	31709	31761	31762	6	1	0	NA	NA
2133	mogljo2_2133	30607	30801	30856	6	0	0	NA	NA
2133	mogljo2_2133	30933	31146	31154	6	1	0	NA	NA
2133	mogljo2_2133	30926	30792	31146	6	1	0	NA	NA
2133	mogljo2_2133	30924	30768	31146	6	1	0	NA	NA
2133	mogljo2_2133	30908	31135	30885	6	1	1	NA	NA
2133	mogljo2_2133	30826	30768	30900	6	0	0	NA	NA
2133	mogljo2_2133	30751	30770	30801	6	1	0	NA	NA
2133	mogljo2_2133	30586	30830	30798	6	1	1	NA	NA
2133	mogljo2_2133	30689	30830	30900	6	0	0	NA	NA
2133	mogljo2_2133	30687	30897	30900	6	0	0	NA	NA
2133	mogljo2_2133	30601	30801	30768	6	1	1	NA	NA
2133	mogljo2_2133	30596	30806	30768	6	1	1	NA	NA
2133	mogljo2_2133	30593	30885	30768	6	0	1	NA	NA
2133	mogljo2_2133	30590	30889	30768	6	0	1	NA	NA
2133	mogljo2_2133	30582	30798	30768	6	1	1	NA	NA
2133	mogljo2_2133	30492	30770	30768	9	1	1	NA	NA
2133	mogljo2_2133	30618	30792	30770	6	1	1	NA	NA
2133	mogljo2_2133	30621	30792	30819	6	1	1	NA	NA
2133	mogljo2_2133	30616	30806	30885	6	1	0	NA	NA
2133	mogljo2_2133	30612	30879	30880	6	0	0	NA	NA
2133	mogljo2_2133	30610	30806	30879	6	0	0	NA	NA
2133	mogljo2_2133	30608	30840	30856	6	1	0	NA	NA
2133	mogljo2_2133	30605	30801	30840	6	1	0	NA	NA
2133	mogljo2_2133	30588	30830	30897	6	0	0	NA	NA
2133	mogljo2_2133	30584	30798	30823	6	1	1	NA	NA
2173	nabiqa2_2173	31479	31557	31564	6	0	0	NA	NA
2173	nabiqa2_2173	31478	31557	31563	6	0	0	NA	NA
2173	nabiqa2_2173	31477	31557	31562	6	0	0	NA	NA
2173	nabiqa2_2173	31476	31557	31561	6	0	0	NA	NA
2173	nabiqa2_2173	31475	31559	31560	6	1	0	NA	NA
2173	nabiqa2_2173	31474	31556	31559	6	1	0	NA	NA
2173	nabiqa2_2173	31473	31556	31558	6	1	0	NA	NA
2173	nabiqa2_2173	31472	31555	31556	6	1	0	NA	NA
2173	nabiqa2_2173	31471	31555	31557	6	0	0	NA	NA
2151	nnpopa2_2151	31079	31148	31213	6	1	0	NA	NA
2151	nnpopa2_2151	31078	31148	31222	6	1	0	NA	NA
2151	nnpopa2_2151	31074	31148	31231	6	0	0	NA	NA
2151	nnpopa2_2151	31071	31161	31231	6	1	0	NA	NA
2151	nnpopa2_2151	31025	31148	31161	6	0	0	NA	NA
2151	nnpopa2_2151	31023	31148	31171	6	0	0	NA	NA
2151	nnpopa2_2151	31018	31148	31180	6	0	0	NA	NA
2151	nnpopa2_2151	31000	31148	31153	6	0	0	NA	NA
2151	nnpopa2_2151	30997	31153	31159	6	1	0	NA	NA
2151	nnpopa2_2151	30991	31148	31159	6	0	0	NA	NA
2130	nonakr2_2130	30891	30688	31066	6	1	0	NA	NA
2130	nonakr2_2130	30886	30688	30778	9	1	0	NA	NA
2130	nonakr2_2130	30880	30787	31113	6	1	0	NA	NA
2130	nonakr2_2130	30748	30688	31030	6	1	0	NA	NA
2130	nonakr2_2130	30685	30688	30941	6	1	0	NA	NA
2130	nonakr2_2130	30682	30688	30850	6	1	0	NA	NA
2130	nonakr2_2130	30680	30850	30941	6	1	0	NA	NA
2130	nonakr2_2130	30678	30850	30857	6	1	0	NA	NA
2130	nonakr2_2130	30677	30857	30941	6	1	0	NA	NA
2130	nonakr2_2130	30672	30688	30778	9	1	0	NA	NA
2130	nonakr2_2130	30670	30778	30787	6	1	0	NA	NA
2130	nonakr2_2130	30668	30778	30818	6	1	0	NA	NA
2130	nonakr2_2130	30667	30778	30788	6	1	0	NA	NA
2130	nonakr2_2130	30666	30778	30783	6	1	0	NA	NA
2130	nonakr2_2130	30659	30788	30893	6	1	0	NA	NA
2130	nonakr2_2130	30651	30697	30893	6	1	0	NA	NA
2130	nonakr2_2130	30650	30688	30697	9	1	0	NA	NA
2130	nonakr2_2130	30646	30697	30746	6	1	0	NA	NA
2130	nonakr2_2130	30645	30697	30717	6	1	0	NA	NA
2130	nonakr2_2130	30643	30697	30709	6	1	0	NA	NA
2130	nonakr2_2130	30642	30697	30706	6	1	0	NA	NA
2130	nonakr2_2130	30641	30697	30893	6	1	0	NA	NA
2130	nonakr2_2130	30640	30688	30697	6	1	0	NA	NA
2217	nxduvi2_2217	32091	32320	32387	6	1	0	NA	NA
2217	nxduvi2_2217	32090	32319	32320	6	1	0	NA	NA
2217	nxduvi2_2217	32089	32319	32320	6	1	0	NA	NA
2217	nxduvi2_2217	32086	32178	32388	6	1	1	NA	NA
2217	nxduvi2_2217	32080	32178	32319	6	1	0	NA	NA
2217	nxduvi2_2217	32079	32178	32250	6	0	0	NA	NA
2217	nxduvi2_2217	32078	32178	32251	6	0	0	NA	NA
2217	nxduvi2_2217	32077	32178	32252	6	1	0	NA	NA
2217	nxduvi2_2217	32076	32180	32389	6	1	0	NA	NA
2217	nxduvi2_2217	32075	32180	32249	6	1	0	NA	NA
2217	nxduvi2_2217	32074	32180	32248	6	1	0	NA	NA
2217	nxduvi2_2217	32073	32180	32248	6	1	0	NA	NA
2217	nxduvi2_2217	32072	32180	32247	6	1	0	NA	NA
2217	nxduvi2_2217	32071	32178	32180	6	1	0	NA	NA
2217	nxduvi2_2217	32070	32178	32179	6	1	0	NA	NA
2136	pabita2_2136	31059	31229	30791	6	0	1	NA	NA
2136	pabita2_2136	31049	31211	30791	6	0	1	NA	NA
2136	pabita2_2136	31015	31192	31176	6	1	1	NA	NA
2136	pabita2_2136	30995	30791	31176	6	1	0	NA	NA
2136	pabita2_2136	30961	31050	31152	6	0	0	NA	NA
2136	pabita2_2136	30922	31067	31140	6	1	1	NA	NA
2136	pabita2_2136	30903	31067	31050	6	1	1	NA	NA
2136	pabita2_2136	30789	30791	31050	6	1	1	NA	NA
2136	pabita2_2136	30754	31005	30803	6	0	1	NA	NA
2136	pabita2_2136	30701	30981	30803	6	1	1	NA	NA
2136	pabita2_2136	30599	30836	30914	9	0	1	NA	NA
2136	pabita2_2136	30529	30836	30803	9	1	1	NA	NA
2136	pabita2_2136	30513	30803	30791	6	1	1	NA	NA
2184	palofa2_2184	31695	31755	31757	6	1	0	NA	NA
2184	palofa2_2184	31694	31755	31756	6	1	0	NA	NA
2184	palofa2_2184	31687	31722	31755	6	0	0	NA	NA
2184	palofa2_2184	31684	31749	31754	6	0	1	NA	NA
2184	palofa2_2184	31683	31751	31752	6	1	1	NA	NA
2184	palofa2_2184	31682	31749	31751	6	1	1	NA	NA
2184	palofa2_2184	31681	31722	31749	6	1	0	NA	NA
2184	palofa2_2184	31678	31747	31748	6	0	0	NA	NA
2184	palofa2_2184	31676	31744	31747	6	0	1	NA	NA
2184	palofa2_2184	31673	31745	31746	6	1	1	NA	NA
2184	palofa2_2184	31672	31744	31745	6	1	1	NA	NA
2184	palofa2_2184	31671	31722	31744	6	1	0	NA	NA
2184	palofa2_2184	31670	31722	31732	6	1	0	NA	NA
2184	palofa2_2184	31669	31738	31743	6	0	1	NA	NA
2184	palofa2_2184	31668	31732	31740	6	1	1	NA	NA
2184	palofa2_2184	31667	31732	31738	6	1	0	NA	NA
2184	palofa2_2184	31666	31732	31736	6	1	1	NA	NA
2184	palofa2_2184	31665	31732	31734	6	1	1	NA	NA
2184	palofa2_2184	31664	31729	31725	6	1	1	NA	NA
2184	palofa2_2184	31663	31722	31723	6	1	0	NA	NA
2184	palofa2_2184	31661	31723	31726	6	1	1	NA	NA
2184	palofa2_2184	31660	31723	31724	6	1	1	NA	NA
2184	palofa2_2184	31659	31723	31725	6	1	1	NA	NA
2143	pebime2_2143	31055	30969	31124	6	1	0	NA	NA
2143	pebime2_2143	31039	31132	31134	6	1	0	NA	NA
2143	pebime2_2143	31038	31197	31219	6	1	0	NA	NA
2143	pebime2_2143	31033	31125	31197	6	0	0	NA	NA
2143	pebime2_2143	31028	31119	31141	6	1	0	NA	NA
2143	pebime2_2143	31027	31127	31141	6	1	0	NA	NA
2143	pebime2_2143	31022	30969	31197	6	1	0	NA	NA
2143	pebime2_2143	30976	30969	31129	6	1	0	NA	NA
2143	pebime2_2143	30973	30969	31119	6	1	0	NA	NA
2143	pebime2_2143	30970	30969	31115	6	1	0	NA	NA
2143	pebime2_2143	30960	31127	31138	9	0	0	NA	NA
2143	pebime2_2143	30959	31127	31141	6	1	0	NA	NA
2143	pebime2_2143	30958	30969	31127	6	1	0	NA	NA
2143	pebime2_2143	30956	31124	31137	6	1	0	NA	NA
2143	pebime2_2143	30948	31134	31137	6	0	0	NA	NA
2143	pebime2_2143	30945	30969	31137	6	1	0	NA	NA
2143	pebime2_2143	30941	31125	31132	6	0	0	NA	NA
2143	pebime2_2143	30937	30969	31125	6	1	0	NA	NA
2165	pebrta2_2165	31357	31448	31449	6	1	0	NA	NA
2165	pebrta2_2165	31356	31385	31448	6	1	0	NA	NA
2165	pebrta2_2165	31354	31448	31450	6	1	0	NA	NA
2165	pebrta2_2165	31351	31393	31428	6	1	0	NA	NA
2165	pebrta2_2165	31349	31393	31430	6	1	0	NA	NA
2165	pebrta2_2165	31348	31404	31443	6	1	0	NA	NA
2165	pebrta2_2165	31347	31404	31433	6	1	0	NA	NA
2165	pebrta2_2165	31346	31404	31432	6	1	0	NA	NA
2165	pebrta2_2165	31334	31390	31424	6	1	0	NA	NA
2165	pebrta2_2165	31332	31390	31421	6	1	0	NA	NA
2165	pebrta2_2165	31331	31390	31419	6	1	0	NA	NA
2165	pebrta2_2165	31327	31409	31416	6	1	0	NA	NA
2165	pebrta2_2165	31325	31409	31415	6	1	0	NA	NA
2165	pebrta2_2165	31324	31409	31412	6	1	0	NA	NA
2165	pebrta2_2165	31322	31385	31404	6	1	0	NA	NA
2165	pebrta2_2165	31321	31385	31390	6	1	0	NA	NA
2165	pebrta2_2165	31320	31385	31409	6	1	0	NA	NA
2165	pebrta2_2165	31319	31385	31393	6	1	0	NA	NA
2175	peviwe2_2175	31529	31587	31599	6	1	0	NA	NA
2175	peviwe2_2175	31528	31585	31599	6	1	0	NA	NA
2175	peviwe2_2175	31527	31579	31599	6	1	0	NA	NA
2175	peviwe2_2175	31526	31587	31598	6	1	0	NA	NA
2175	peviwe2_2175	31525	31579	31597	6	1	0	NA	NA
2175	peviwe2_2175	31524	31579	31586	6	1	0	NA	NA
2175	peviwe2_2175	31523	31579	31583	6	1	0	NA	NA
2175	peviwe2_2175	31522	31579	31581	6	1	0	NA	NA
2175	peviwe2_2175	31521	31579	31580	6	1	0	NA	NA
2175	peviwe2_2175	31520	31587	31588	6	1	0	NA	NA
2175	peviwe2_2175	31519	31585	31588	6	1	0	NA	NA
2175	peviwe2_2175	31518	31585	31588	6	1	0	NA	NA
2175	peviwe2_2175	31516	31588	31591	6	1	0	NA	NA
2175	peviwe2_2175	31515	31588	31594	6	1	0	NA	NA
2175	peviwe2_2175	31513	31579	31588	6	1	0	NA	NA
2175	peviwe2_2175	31512	31588	31590	6	1	0	NA	NA
2175	peviwe2_2175	31511	31574	31588	6	1	0	NA	NA
2126	prloja2_2126	30512	30775	30807	6	1	0	NA	NA
2126	prloja2_2126	30507	30759	30789	6	1	0	NA	NA
2126	prloja2_2126	30505	30713	30789	6	1	0	NA	NA
2126	prloja2_2126	30494	30713	30775	6	0	0	NA	NA
2126	prloja2_2126	30491	30759	30775	6	1	0	NA	NA
2126	prloja2_2126	30489	30759	30762	6	1	0	NA	NA
2126	prloja2_2126	30472	30658	30696	6	1	0	NA	NA
2126	prloja2_2126	30465	30713	30740	6	0	0	NA	NA
2126	prloja2_2126	30449	30696	30713	6	1	0	NA	NA
2126	prloja2_2126	30443	30692	30696	6	1	1	NA	NA
2126	prloja2_2126	30439	30692	30701	6	1	0	NA	NA
2153	rimian2_2153	31191	31297	31295	6	0	0	NA	NA
2153	rimian2_2153	31190	31281	31290	6	0	0	NA	NA
2153	rimian2_2153	31188	31245	31263	6	1	0	NA	NA
2153	rimian2_2153	31185	31311	31306	6	1	0	NA	NA
2153	rimian2_2153	31178	31158	31282	6	1	0	NA	NA
2153	rimian2_2153	31177	31158	31263	6	1	0	NA	NA
2153	rimian2_2153	31175	31158	31288	6	1	0	NA	NA
2153	rimian2_2153	31174	31158	31306	6	1	0	NA	NA
2153	rimian2_2153	31161	31289	31295	6	0	0	NA	NA
2153	rimian2_2153	31155	31243	31279	6	1	0	NA	NA
2153	rimian2_2153	31147	31282	31290	9	0	0	NA	NA
2153	rimian2_2153	31143	31288	31297	6	1	0	NA	NA
2153	rimian2_2153	31140	31288	31295	6	1	0	NA	NA
2153	rimian2_2153	31138	31288	31289	6	1	0	NA	NA
2153	rimian2_2153	31136	31288	31290	6	1	0	NA	NA
2153	rimian2_2153	31135	31288	31292	6	1	0	NA	NA
2153	rimian2_2153	31133	31292	31297	9	0	0	NA	NA
2153	rimian2_2153	31128	31281	31282	6	1	0	NA	NA
2153	rimian2_2153	31126	31279	31282	6	1	0	NA	NA
2153	rimian2_2153	31124	31243	31282	6	1	0	NA	NA
2153	rimian2_2153	31116	31245	31263	6	1	0	NA	NA
2153	rimian2_2153	31114	31244	31263	6	1	0	NA	NA
2153	rimian2_2153	31113	31247	31263	9	1	0	NA	NA
2153	rimian2_2153	31112	31244	31245	9	1	0	NA	NA
2153	rimian2_2153	31111	31244	31270	6	1	0	NA	NA
2153	rimian2_2153	31110	31263	31270	6	1	0	NA	NA
2164	rolimi2_2164	31382	31429	31506	6	0	0	NA	NA
2164	rolimi2_2164	31367	31388	31487	6	0	0	NA	NA
2164	rolimi2_2164	31363	31368	31470	9	1	1	NA	NA
2164	rolimi2_2164	31362	31470	31473	9	1	0	NA	NA
2164	rolimi2_2164	31339	31425	31429	6	0	0	NA	NA
2164	rolimi2_2164	31337	31425	31429	6	1	0	NA	NA
2164	rolimi2_2164	31333	31368	31425	6	0	0	NA	NA
2164	rolimi2_2164	31329	31368	31413	6	0	0	NA	NA
2164	rolimi2_2164	31317	31401	31406	9	0	0	NA	NA
2164	rolimi2_2164	31316	31388	31406	9	0	0	NA	NA
2164	rolimi2_2164	31314	31388	31401	6	1	0	NA	NA
2164	rolimi2_2164	31313	31368	31397	6	0	0	NA	NA
2164	rolimi2_2164	31310	31381	31392	6	1	0	NA	NA
2164	rolimi2_2164	31309	31375	31392	6	1	0	NA	NA
2164	rolimi2_2164	31302	31368	31388	9	0	0	NA	NA
2164	rolimi2_2164	31301	31379	31368	6	1	1	NA	NA
2164	rolimi2_2164	31300	31368	31379	6	1	0	NA	NA
2164	rolimi2_2164	31299	31376	31383	6	1	0	NA	NA
2164	rolimi2_2164	31298	31381	31383	6	1	0	NA	NA
2164	rolimi2_2164	31292	31381	31368	6	1	1	NA	NA
2164	rolimi2_2164	31290	31375	31381	6	1	0	NA	NA
2164	rolimi2_2164	31289	31376	31381	6	1	0	NA	NA
2164	rolimi2_2164	31284	31368	31379	6	1	0	NA	NA
2164	rolimi2_2164	31283	31376	31379	6	1	0	NA	NA
2164	rolimi2_2164	31269	31375	31376	9	1	0	NA	NA
2190	saalra2_2190	31806	31817	31840	6	0	0	NA	NA
2190	saalra2_2190	31781	31832	31833	9	0	0	NA	NA
2190	saalra2_2190	31805	31818	31839	6	1	0	NA	NA
2190	saalra2_2190	31804	31817	31838	9	0	0	NA	NA
2190	saalra2_2190	31803	31818	31825	6	1	0	NA	NA
2190	saalra2_2190	31802	31818	31826	6	1	0	NA	NA
2190	saalra2_2190	31801	31818	31824	6	1	0	NA	NA
2190	saalra2_2190	31800	31823	31828	9	1	0	NA	NA
2190	saalra2_2190	31799	31823	31829	6	1	0	NA	NA
2190	saalra2_2190	31798	31823	31827	9	1	0	NA	NA
2190	saalra2_2190	31797	31817	31823	9	1	0	NA	NA
2190	saalra2_2190	31793	31817	31819	6	1	0	NA	NA
2190	saalra2_2190	31792	31817	31822	6	0	0	NA	NA
2190	saalra2_2190	31791	31817	31821	6	0	0	NA	NA
2190	saalra2_2190	31790	31817	31820	9	0	0	NA	NA
2190	saalra2_2190	31789	31817	31836	6	1	0	NA	NA
2190	saalra2_2190	31788	31817	31831	6	0	0	NA	NA
2190	saalra2_2190	31787	31817	31830	9	0	0	NA	NA
2190	saalra2_2190	31786	31817	31818	9	1	0	NA	NA
2190	saalra2_2190	31785	31817	31832	6	1	0	NA	NA
2190	saalra2_2190	31783	31832	31837	6	1	0	NA	NA
2190	saalra2_2190	31782	31832	31834	9	1	0	NA	NA
2190	saalra2_2190	31780	31832	31835	9	1	0	NA	NA
2162	sabuel2_2162	31308	31361	31391	6	1	0	NA	NA
2162	sabuel2_2162	31307	31389	31391	6	1	0	NA	NA
2162	sabuel2_2162	31306	31359	31391	6	1	0	NA	NA
2162	sabuel2_2162	31305	31361	31389	6	1	0	NA	NA
2162	sabuel2_2162	31304	31377	31389	6	1	0	NA	NA
2162	sabuel2_2162	31303	31359	31389	6	1	0	NA	NA
2162	sabuel2_2162	31297	31369	31382	9	1	0	NA	NA
2162	sabuel2_2162	31296	31374	31382	9	1	0	NA	NA
2162	sabuel2_2162	31294	31359	31382	9	1	1	NA	NA
2162	sabuel2_2162	31288	31361	31364	6	1	0	NA	NA
2162	sabuel2_2162	31281	31369	31377	6	1	0	NA	NA
2162	sabuel2_2162	31279	31364	31377	6	1	0	NA	NA
2162	sabuel2_2162	31278	31364	31377	6	1	0	NA	NA
2162	sabuel2_2162	31266	31361	31374	6	1	0	NA	NA
2162	sabuel2_2162	31265	31361	31369	6	1	0	NA	NA
2162	sabuel2_2162	31264	31360	31374	6	1	0	NA	NA
2162	sabuel2_2162	31263	31364	31369	6	1	0	NA	NA
2162	sabuel2_2162	31262	31364	31369	6	1	0	NA	NA
2162	sabuel2_2162	31261	31359	31369	9	1	1	NA	NA
2162	sabuel2_2162	31260	31359	31364	9	1	1	NA	NA
2162	sabuel2_2162	31259	31359	31361	9	1	1	NA	NA
2162	sabuel2_2162	31258	31359	31360	9	1	1	NA	NA
2134	sahvda2_2134	30853	30883	31084	6	1	0	NA	NA
2134	sahvda2_2134	30852	30952	31084	6	1	0	NA	NA
2134	sahvda2_2134	30823	30782	30883	6	1	0	NA	NA
2134	sahvda2_2134	30822	30782	30796	6	1	0	NA	NA
2134	sahvda2_2134	30821	30782	30827	6	1	0	NA	NA
2134	sahvda2_2134	30819	30782	30883	6	1	0	NA	NA
2134	sahvda2_2134	30818	30782	30875	6	1	0	NA	NA
2134	sahvda2_2134	30816	30782	30861	6	1	0	NA	NA
2134	sahvda2_2134	30810	30782	30883	6	1	0	NA	NA
2134	sahvda2_2134	30807	30994	31053	6	1	0	NA	NA
2134	sahvda2_2134	30776	30974	31008	6	1	0	NA	NA
2134	sahvda2_2134	30775	30974	31008	6	1	0	NA	NA
2134	sahvda2_2134	30772	30948	30974	6	1	0	NA	NA
2134	sahvda2_2134	30771	30984	30994	6	1	0	NA	NA
2134	sahvda2_2134	30770	30918	30984	6	1	0	NA	NA
2134	sahvda2_2134	30767	30883	30952	6	1	0	NA	NA
2134	sahvda2_2134	30766	30883	30918	6	1	0	NA	NA
2134	sahvda2_2134	30757	30883	30948	6	1	0	NA	NA
2149	saloim2_2149	31101	31254	31268	6	1	0	NA	NA
2149	saloim2_2149	31097	31261	31264	6	1	0	NA	NA
2149	saloim2_2149	31091	31233	31261	6	1	0	NA	NA
2149	saloim2_2149	31088	31255	31259	6	1	0	NA	NA
2149	saloim2_2149	31087	31029	31255	6	1	0	NA	NA
2149	saloim2_2149	31086	31253	31254	6	1	0	NA	NA
2149	saloim2_2149	31083	31029	31253	6	1	0	NA	NA
2149	saloim2_2149	31073	31236	31239	6	1	0	NA	NA
2149	saloim2_2149	31068	31029	31236	6	0	0	NA	NA
2149	saloim2_2149	31062	31224	31233	6	1	0	NA	NA
2149	saloim2_2149	31041	31029	31224	6	1	0	NA	NA
2163	siroro2_2163	31291	31363	31378	6	1	0	NA	NA
2163	siroro2_2163	31287	31371	31380	6	1	0	NA	NA
2163	siroro2_2163	31286	31370	31380	6	1	0	NA	NA
2163	siroro2_2163	31285	31372	31380	6	1	0	NA	NA
2163	siroro2_2163	31282	31366	31378	6	1	0	NA	NA
2163	siroro2_2163	31280	31373	31378	6	1	0	NA	NA
2163	siroro2_2163	31277	31363	31365	6	1	0	NA	NA
2163	siroro2_2163	31276	31366	31373	6	1	0	NA	NA
2163	siroro2_2163	31275	31365	31373	6	1	0	NA	NA
2163	siroro2_2163	31274	31365	31366	6	1	0	NA	NA
2163	siroro2_2163	31273	31366	31370	6	1	0	NA	NA
2163	siroro2_2163	31272	31371	31372	6	1	0	NA	NA
2163	siroro2_2163	31271	31370	31371	6	1	0	NA	NA
2163	siroro2_2163	31270	31370	31372	6	1	0	NA	NA
2163	siroro2_2163	31268	31363	31372	6	1	0	NA	NA
2163	siroro2_2163	31267	31363	31370	6	1	0	NA	NA
2138	sitesh2_2138	31042	31088	30910	9	0	1	NA	NA
2138	sitesh2_2138	31052	31037	30910	6	0	1	NA	NA
2138	sitesh2_2138	31044	31172	30910	9	0	1	NA	NA
2138	sitesh2_2138	31050	31088	31103	6	1	0	NA	NA
2138	sitesh2_2138	31020	31103	30910	9	0	1	NA	NA
2138	sitesh2_2138	31016	30961	30910	6	1	1	NA	NA
2138	sitesh2_2138	31010	30975	30910	6	1	1	NA	NA
2138	sitesh2_2138	31009	30956	30910	6	1	1	NA	NA
2138	sitesh2_2138	31008	30999	30910	6	1	1	NA	NA
2138	sitesh2_2138	31007	30910	31002	6	1	0	NA	NA
2138	sitesh2_2138	31006	31002	31184	6	1	0	NA	NA
2138	sitesh2_2138	31003	30961	30975	6	1	0	NA	NA
2138	sitesh2_2138	31002	30956	30999	6	1	0	NA	NA
2138	sitesh2_2138	30999	31037	31184	6	1	0	NA	NA
2142	skdeco2_2142	31119	31232	31234	6	1	0	NA	NA
2142	skdeco2_2142	31118	30965	31240	6	1	0	NA	NA
2142	skdeco2_2142	31117	31232	31250	6	1	1	NA	NA
2142	skdeco2_2142	31108	31205	31221	6	1	0	NA	NA
2142	skdeco2_2142	31106	31232	31250	6	1	0	NA	NA
2142	skdeco2_2142	31104	31205	31250	6	1	0	NA	NA
2142	skdeco2_2142	31102	31167	31205	6	1	0	NA	NA
2142	skdeco2_2142	31099	31167	31232	6	1	0	NA	NA
2142	skdeco2_2142	31096	31167	31194	6	1	0	NA	NA
2142	skdeco2_2142	31085	30965	31167	6	1	0	NA	NA
2142	skdeco2_2142	30983	30965	31100	6	0	0	NA	NA
2142	skdeco2_2142	30978	30965	30995	6	0	0	NA	NA
2142	skdeco2_2142	30974	30965	30995	6	0	0	NA	NA
2142	skdeco2_2142	30935	31109	31114	6	1	0	NA	NA
2142	skdeco2_2142	30934	30965	31100	6	1	0	NA	NA
2142	skdeco2_2142	30932	30965	30995	6	1	0	NA	NA
2142	skdeco2_2142	30931	31003	31034	6	1	0	NA	NA
2142	skdeco2_2142	30927	31034	31003	6	1	1	NA	NA
2142	skdeco2_2142	30925	31034	31003	6	1	1	NA	NA
2142	skdeco2_2142	30921	31034	31070	6	1	0	NA	NA
2142	skdeco2_2142	30920	31109	31120	6	1	1	NA	NA
2142	skdeco2_2142	30919	31070	31100	6	1	0	NA	NA
2142	skdeco2_2142	30918	31109	31120	6	1	0	NA	NA
2142	skdeco2_2142	30917	31070	31109	6	1	0	NA	NA
2142	skdeco2_2142	30914	31070	31100	6	1	0	NA	NA
2142	skdeco2_2142	30912	30995	31003	6	1	0	NA	NA
2142	skdeco2_2142	30910	31100	31105	6	1	1	NA	NA
2142	skdeco2_2142	30905	30995	31017	6	1	0	NA	NA
2177	slnyse2_2177	31568	31616	31631	6	1	0	NA	NA
2177	slnyse2_2177	31567	31616	31618	6	1	0	NA	NA
2177	slnyse2_2177	31566	31616	31624	6	1	0	NA	NA
2177	slnyse2_2177	31565	31616	31631	6	1	0	NA	NA
2177	slnyse2_2177	31564	31618	31624	6	1	0	NA	NA
2177	slnyse2_2177	31563	31624	31630	6	1	0	NA	NA
2177	slnyse2_2177	31562	31624	31630	6	1	0	NA	NA
2177	slnyse2_2177	31561	31614	31624	6	1	0	NA	NA
2177	slnyse2_2177	31560	31624	31630	6	1	0	NA	NA
2177	slnyse2_2177	31559	31614	31630	6	0	0	NA	NA
2177	slnyse2_2177	31558	31624	31630	6	0	0	NA	NA
2177	slnyse2_2177	31557	31614	31616	6	1	0	NA	NA
2177	slnyse2_2177	31556	31616	31618	6	1	0	NA	NA
2177	slnyse2_2177	31555	31614	31628	6	0	0	NA	NA
2177	slnyse2_2177	31554	31616	31624	6	1	0	NA	NA
2177	slnyse2_2177	31553	31614	31631	6	1	0	NA	NA
2177	slnyse2_2177	31550	31630	31631	6	0	0	NA	NA
2192	smkijo2_2192	33431	31868	31857	6	0	0	NA	NA
2192	smkijo2_2192	33429	31866	31857	6	0	0	NA	NA
2192	smkijo2_2192	33428	31867	31857	6	0	0	NA	NA
2192	smkijo2_2192	33424	31867	31866	6	1	0	NA	NA
2192	smkijo2_2192	33423	31862	31859	6	1	0	NA	NA
2192	smkijo2_2192	33422	31865	31863	6	1	0	NA	NA
2192	smkijo2_2192	33384	31857	34583	6	1	0	NA	NA
2192	smkijo2_2192	33383	31856	34583	6	1	0	NA	NA
2192	smkijo2_2192	33382	31855	34583	6	1	0	NA	NA
2192	smkijo2_2192	31825	31864	31865	6	0	0	NA	NA
2192	smkijo2_2192	31824	31859	31860	6	1	0	NA	NA
2192	smkijo2_2192	31823	31859	31861	6	1	0	NA	NA
2192	smkijo2_2192	31822	31858	31859	6	1	0	NA	NA
2192	smkijo2_2192	31821	31859	31862	6	1	0	NA	NA
2192	smkijo2_2192	31820	31867	31869	6	1	0	NA	NA
2192	smkijo2_2192	31819	31857	31866	6	1	0	NA	NA
2192	smkijo2_2192	31818	31867	31868	6	1	0	NA	NA
2192	smkijo2_2192	31817	31857	31867	6	1	0	NA	NA
2192	smkijo2_2192	31816	31856	31868	6	1	0	NA	NA
2192	smkijo2_2192	31815	31856	31869	6	1	0	NA	NA
2192	smkijo2_2192	31814	31856	31863	6	1	0	NA	NA
2192	smkijo2_2192	31813	31856	31859	6	1	0	NA	NA
2192	smkijo2_2192	31812	31856	31864	6	1	0	NA	NA
2192	smkijo2_2192	31811	31856	31865	6	1	0	NA	NA
2192	smkijo2_2192	31810	31855	31858	6	1	0	NA	NA
2192	smkijo2_2192	31809	31855	31862	6	1	0	NA	NA
2192	smkijo2_2192	31808	31855	31861	6	1	0	NA	NA
2192	smkijo2_2192	31807	31855	31860	6	1	0	NA	NA
2122	sutoje2_2122	31956	30665	32000	6	0	0	NA	NA
2122	sutoje2_2122	31955	32000	32002	6	0	0	NA	NA
2122	sutoje2_2122	31954	30707	32000	6	0	0	NA	NA
2122	sutoje2_2122	31953	30940	30665	6	1	0	NA	NA
2122	sutoje2_2122	31952	30665	32001	6	1	0	NA	NA
2122	sutoje2_2122	31951	30953	32000	6	1	0	NA	NA
2122	sutoje2_2122	31950	31995	32000	6	1	0	NA	NA
2122	sutoje2_2122	31949	30903	32000	6	1	0	NA	NA
2122	sutoje2_2122	31948	31999	32000	6	1	0	NA	NA
2122	sutoje2_2122	31947	30993	30953	6	1	0	NA	NA
2122	sutoje2_2122	31946	30953	31999	6	1	0	NA	NA
2122	sutoje2_2122	31945	30953	30903	6	1	0	NA	NA
2122	sutoje2_2122	31944	30707	32001	6	1	0	NA	NA
2122	sutoje2_2122	31943	32000	32001	6	1	0	NA	NA
2122	sutoje2_2122	31942	32001	32002	6	1	0	NA	NA
2122	sutoje2_2122	31941	30639	32002	6	1	0	NA	NA
2122	sutoje2_2122	31936	30639	32001	6	1	0	NA	NA
2122	sutoje2_2122	31935	30993	30903	6	1	0	NA	NA
2122	sutoje2_2122	31934	30953	30639	6	1	0	NA	NA
2122	sutoje2_2122	31933	30940	30639	6	1	0	NA	NA
2122	sutoje2_2122	31931	30639	32000	6	1	0	NA	NA
2122	sutoje2_2122	31930	30707	30639	6	1	0	NA	NA
2122	sutoje2_2122	31929	30665	30639	6	1	0	NA	NA
2122	sutoje2_2122	31928	30639	31999	6	1	0	NA	NA
2122	sutoje2_2122	31927	30903	30639	6	1	0	NA	NA
2122	sutoje2_2122	31926	30993	30639	6	1	0	NA	NA
2122	sutoje2_2122	31907	31995	30953	6	1	0	NA	NA
2166	swpoma2_2166	31470	31426	31554	6	1	0	NA	NA
2166	swpoma2_2166	31469	31532	31553	6	1	0	NA	NA
2166	swpoma2_2166	31468	31532	31552	6	1	0	NA	NA
2166	swpoma2_2166	31466	31546	31550	6	1	0	NA	NA
2166	swpoma2_2166	31464	31546	31548	6	1	0	NA	NA
2166	swpoma2_2166	31462	31465	31546	6	1	0	NA	NA
2166	swpoma2_2166	31454	31537	31541	6	1	0	NA	NA
2166	swpoma2_2166	31453	31537	31539	6	1	0	NA	NA
2166	swpoma2_2166	31450	31459	31537	6	1	0	NA	NA
2166	swpoma2_2166	31448	31411	31459	9	0	0	NA	NA
2166	swpoma2_2166	31444	31411	31532	6	1	0	NA	NA
2166	swpoma2_2166	31407	31400	31465	6	1	0	NA	NA
2166	swpoma2_2166	31365	31403	31410	6	1	0	NA	NA
2166	swpoma2_2166	31364	31403	31459	6	1	0	NA	NA
2166	swpoma2_2166	31361	31405	31465	6	1	0	NA	NA
2166	swpoma2_2166	31360	31394	31465	6	1	0	NA	NA
2166	swpoma2_2166	31359	31387	31465	6	1	0	NA	NA
2166	swpoma2_2166	31358	31387	31459	6	1	0	NA	NA
2166	swpoma2_2166	31350	31395	31445	6	1	0	NA	NA
2166	swpoma2_2166	31338	31395	31408	6	1	0	NA	NA
2166	swpoma2_2166	31335	31394	31426	6	1	0	NA	NA
2166	swpoma2_2166	31330	31399	31400	6	0	0	NA	NA
2166	swpoma2_2166	31328	31407	31411	6	1	0	NA	NA
2166	swpoma2_2166	31326	31402	31411	6	1	0	NA	NA
2166	swpoma2_2166	31323	31398	31411	6	1	0	NA	NA
2166	swpoma2_2166	31312	31394	31395	6	1	0	NA	NA
2119	sybash2_2119	31127	31063	30618	6	1	1	NA	NA
2119	sybash2_2119	30467	30730	30618	6	1	1	NA	NA
2119	sybash2_2119	30554	30777	30618	6	1	1	NA	NA
2119	sybash2_2119	30461	30677	30730	6	1	1	NA	NA
2119	sybash2_2119	30542	30777	30730	6	1	1	NA	NA
2119	sybash2_2119	30426	30677	30618	6	1	1	NA	NA
2119	sybash2_2119	30413	30631	30618	6	1	1	NA	NA
2125	syload2_2125	30907	30923	30937	6	0	0	NA	NA
2125	syload2_2125	30899	30684	30785	6	0	0	NA	NA
2125	syload2_2125	30897	30690	30785	6	0	0	NA	NA
2125	syload2_2125	30888	31010	31117	9	1	0	NA	NA
2125	syload2_2125	30887	31004	31117	9	1	0	NA	NA
2125	syload2_2125	30482	30684	30654	9	1	1	NA	NA
2125	syload2_2125	30524	30829	30785	9	1	0	NA	NA
2125	syload2_2125	30834	30785	31069	6	0	0	NA	NA
2125	syload2_2125	30808	30748	31069	6	1	0	NA	NA
2125	syload2_2125	30793	30684	30748	6	1	1	NA	NA
2125	syload2_2125	30783	30960	31036	6	1	0	NA	NA
2125	syload2_2125	30781	30690	31036	6	1	0	NA	NA
2125	syload2_2125	30763	30684	31036	9	1	0	NA	NA
2125	syload2_2125	30732	30835	31010	6	1	0	NA	NA
2125	syload2_2125	30731	30835	31004	6	1	0	NA	NA
2125	syload2_2125	30728	30829	31004	6	1	0	NA	NA
2125	syload2_2125	30726	30829	31010	6	1	0	NA	NA
2125	syload2_2125	30723	30991	31004	6	1	0	NA	NA
2125	syload2_2125	30722	30991	31010	6	1	0	NA	NA
2125	syload2_2125	30700	30654	30991	6	1	0	NA	NA
2125	syload2_2125	30516	30654	30785	9	1	0	NA	NA
2125	syload2_2125	30481	30684	30690	9	1	0	NA	NA
2125	syload2_2125	30662	30752	30960	9	0	0	NA	NA
2125	syload2_2125	30661	30799	30960	6	1	0	NA	NA
2125	syload2_2125	30634	30690	30923	6	1	0	NA	NA
2125	syload2_2125	30627	30785	30937	6	1	0	NA	NA
2125	syload2_2125	30614	30913	30930	6	1	0	NA	NA
2125	syload2_2125	30611	30913	30923	6	1	0	NA	NA
2125	syload2_2125	30595	30654	30913	6	1	0	NA	NA
2125	syload2_2125	30564	30799	30895	6	1	0	NA	NA
2125	syload2_2125	30546	30799	30877	9	1	0	NA	NA
2125	syload2_2125	30545	30690	30877	9	1	0	NA	NA
2125	syload2_2125	30523	30825	30785	9	1	0	NA	NA
2125	syload2_2125	30525	30835	30785	9	1	0	NA	NA
2125	syload2_2125	30509	30690	30799	9	1	0	NA	NA
2125	syload2_2125	30490	30748	30752	6	1	0	NA	NA
2200	thcape2_2200	31889	31910	31919	6	0	0	NA	NA
2200	thcape2_2200	31888	31914	31919	6	1	0	NA	NA
2200	thcape2_2200	31879	31919	31904	6	1	1	NA	NA
2200	thcape2_2200	31885	31904	31920	6	1	0	NA	NA
2200	thcape2_2200	31884	31919	31920	6	1	0	NA	NA
2200	thcape2_2200	31883	31910	31920	6	1	0	NA	NA
2200	thcape2_2200	31882	31919	31922	6	1	0	NA	NA
2200	thcape2_2200	31881	31919	31920	6	1	0	NA	NA
2200	thcape2_2200	31880	31919	31921	6	1	0	NA	NA
2200	thcape2_2200	31878	31915	31904	6	1	1	NA	NA
2200	thcape2_2200	31877	31915	31918	6	1	0	NA	NA
2200	thcape2_2200	31876	31915	31916	6	1	0	NA	NA
2200	thcape2_2200	31875	31915	31917	6	1	0	NA	NA
2200	thcape2_2200	31874	31910	31912	6	1	0	NA	NA
2200	thcape2_2200	31873	31910	31913	6	1	0	NA	NA
2200	thcape2_2200	31872	31910	31914	6	1	0	NA	NA
2200	thcape2_2200	31871	31910	31911	6	1	0	NA	NA
2200	thcape2_2200	31870	31910	31904	9	0	1	NA	NA
2200	thcape2_2200	31869	31905	31904	9	0	1	NA	NA
2200	thcape2_2200	31868	31905	31909	6	1	0	NA	NA
2200	thcape2_2200	31867	31905	31908	6	1	0	NA	NA
2200	thcape2_2200	31866	31905	31907	6	1	0	NA	NA
2200	thcape2_2200	31865	31905	31906	6	1	0	NA	NA
2317	thwhda2_2317	34100	35455	35464	6	1	0	NA	NA
2317	thwhda2_2317	34099	35462	35463	6	0	0	NA	NA
2317	thwhda2_2317	34098	35454	35462	6	1	0	NA	NA
2317	thwhda2_2317	34097	35460	35461	6	0	0	NA	NA
2317	thwhda2_2317	34096	35454	35460	6	1	0	NA	NA
2317	thwhda2_2317	34095	35454	35457	6	0	0	NA	NA
2317	thwhda2_2317	34094	35456	35457	6	1	0	NA	NA
2317	thwhda2_2317	34093	35454	35455	6	0	0	NA	NA
2317	thwhda2_2317	34092	35454	35456	6	0	0	NA	NA
2317	thwhda2_2317	34091	35454	35458	6	1	0	NA	NA
2317	thwhda2_2317	34090	35458	35459	6	0	0	NA	NA
2124	trquji2_2124	30656	30676	30950	6	1	0	NA	NA
2124	trquji2_2124	30653	30685	30950	6	1	0	NA	NA
2124	trquji2_2124	30638	30711	30938	6	1	0	NA	NA
2124	trquji2_2124	30632	30727	30942	6	1	0	NA	NA
2124	trquji2_2124	30625	30732	30938	6	1	0	NA	NA
2124	trquji2_2124	30613	30671	30929	6	1	0	NA	NA
2124	trquji2_2124	30592	30884	30911	6	1	0	NA	NA
2124	trquji2_2124	30589	30907	30911	6	1	0	NA	NA
2124	trquji2_2124	30581	30671	30907	6	1	0	NA	NA
2124	trquji2_2124	30571	30884	30894	6	1	0	NA	NA
2124	trquji2_2124	30569	30884	30888	6	1	0	NA	NA
2124	trquji2_2124	30568	30671	30884	6	1	0	NA	NA
2124	trquji2_2124	30548	30867	30870	6	1	0	NA	NA
2124	trquji2_2124	30544	30851	30867	6	1	0	NA	NA
2124	trquji2_2124	30536	30851	30853	6	1	0	NA	NA
2124	trquji2_2124	30535	30671	30851	6	1	0	NA	NA
2124	trquji2_2124	30534	30671	30843	6	1	0	NA	NA
2124	trquji2_2124	30521	30670	30826	6	1	0	NA	NA
2124	trquji2_2124	30520	30670	30816	6	1	0	NA	NA
2124	trquji2_2124	30519	30670	30811	6	1	0	NA	NA
2124	trquji2_2124	30470	30670	30738	6	1	0	NA	NA
2124	trquji2_2124	30469	30670	30732	6	1	0	NA	NA
2124	trquji2_2124	30468	30670	30727	6	1	0	NA	NA
2124	trquji2_2124	30466	30670	30711	6	1	0	NA	NA
2124	trquji2_2124	30464	30670	30698	6	1	0	NA	NA
2124	trquji2_2124	30463	30670	30685	6	1	0	NA	NA
2124	trquji2_2124	30462	30670	30685	6	1	0	NA	NA
2124	trquji2_2124	30424	30670	30676	6	1	0	NA	NA
2124	trquji2_2124	30422	30668	30671	6	1	0	NA	NA
2124	trquji2_2124	30421	30668	30670	6	1	0	NA	NA
2194	tulosa2_2194	31848	31882	31886	6	1	0	NA	NA
2194	tulosa2_2194	31847	31883	31886	6	1	0	NA	NA
2194	tulosa2_2194	31846	31881	31886	6	1	0	NA	NA
2194	tulosa2_2194	31845	31875	31885	6	1	0	NA	NA
2194	tulosa2_2194	31842	31880	31884	6	0	0	NA	NA
2194	tulosa2_2194	31840	31879	31880	6	1	0	NA	NA
2194	tulosa2_2194	31839	31875	31878	6	1	0	NA	NA
2194	tulosa2_2194	31838	31875	31876	6	1	0	NA	NA
2194	tulosa2_2194	31836	31873	31875	6	1	0	NA	NA
2194	tulosa2_2194	31835	31881	31883	6	1	0	NA	NA
2194	tulosa2_2194	31834	31881	31882	6	1	0	NA	NA
2194	tulosa2_2194	31833	31879	31883	6	1	0	NA	NA
2194	tulosa2_2194	31832	31873	31880	6	1	0	NA	NA
2194	tulosa2_2194	31831	31874	31879	6	1	0	NA	NA
2194	tulosa2_2194	31830	31874	31881	6	1	0	NA	NA
2194	tulosa2_2194	31829	31873	31874	6	1	0	NA	NA
2152	tunojo2_2152	31109	31186	31190	6	1	0	NA	NA
2152	tunojo2_2152	31107	31186	31190	6	1	0	NA	NA
2152	tunojo2_2152	31103	31157	31206	6	1	1	NA	NA
2152	tunojo2_2152	31098	31170	31173	6	1	0	NA	NA
2152	tunojo2_2152	31094	31164	31214	6	1	0	NA	NA
2152	tunojo2_2152	31089	31155	31256	6	1	0	NA	NA
2152	tunojo2_2152	31082	31157	31249	6	0	0	NA	NA
2152	tunojo2_2152	31081	31166	31249	6	1	0	NA	NA
2152	tunojo2_2152	31080	31166	31173	6	1	0	NA	NA
2152	tunojo2_2152	31065	31165	31170	6	1	0	NA	NA
2152	tunojo2_2152	31063	31164	31190	6	0	0	NA	NA
2152	tunojo2_2152	31058	31164	31230	6	1	0	NA	NA
2152	tunojo2_2152	31048	31173	31178	6	0	0	NA	NA
2152	tunojo2_2152	31040	31164	31186	6	0	0	NA	NA
2152	tunojo2_2152	31034	31164	31214	6	1	0	NA	NA
2152	tunojo2_2152	31029	31157	31206	6	1	0	NA	NA
2152	tunojo2_2152	31017	31164	31198	6	1	0	NA	NA
2152	tunojo2_2152	31005	31186	31190	6	1	0	NA	NA
2152	tunojo2_2152	31004	31182	31190	6	1	0	NA	NA
2152	tunojo2_2152	30990	31151	31182	6	1	0	NA	NA
2152	tunojo2_2152	30982	31160	31178	6	1	0	NA	NA
2152	tunojo2_2152	30972	31151	31160	6	1	0	NA	NA
2152	tunojo2_2152	30969	31151	31165	6	1	0	NA	NA
2152	tunojo2_2152	30968	31151	31155	6	1	0	NA	NA
2152	tunojo2_2152	30967	31151	31157	6	1	0	NA	NA
2152	tunojo2_2152	30966	31151	31164	6	1	0	NA	NA
2152	tunojo2_2152	30964	31151	31166	6	1	0	NA	NA
2152	tunojo2_2152	30963	31151	31170	6	1	0	NA	NA
2152	tunojo2_2152	30962	31170	31173	6	1	0	NA	NA
2131	tuplsi2_2131	30764	30797	30928	6	0	0	NA	NA
2131	tuplsi2_2131	30752	30763	30874	9	1	0	NA	NA
2131	tuplsi2_2131	30746	30874	30896	9	1	0	NA	NA
2131	tuplsi2_2131	30742	30763	30863	6	1	0	NA	NA
2131	tuplsi2_2131	30730	30854	30863	6	1	0	NA	NA
2131	tuplsi2_2131	30724	30854	30863	6	1	0	NA	NA
2131	tuplsi2_2131	30719	30854	30863	6	1	0	NA	NA
2131	tuplsi2_2131	30715	30854	30863	6	1	0	NA	NA
2131	tuplsi2_2131	30709	30854	30863	6	1	0	NA	NA
2131	tuplsi2_2131	30695	30763	30771	9	1	0	NA	NA
2131	tuplsi2_2131	30694	30763	30771	9	1	0	NA	NA
2131	tuplsi2_2131	30692	30771	30797	6	1	0	NA	NA
2131	tuplsi2_2131	30683	30763	30928	9	1	0	NA	NA
2131	tuplsi2_2131	30669	30763	30839	9	1	0	NA	NA
2131	tuplsi2_2131	30663	30815	30839	9	1	0	NA	NA
2131	tuplsi2_2131	30660	30815	30944	9	1	0	NA	NA
2176	unulro2_2176	31548	31625	31612	6	1	1	NA	NA
2176	unulro2_2176	31549	31623	31612	6	1	1	NA	NA
2176	unulro2_2176	31547	31615	31612	6	1	1	NA	NA
2176	unulro2_2176	31539	31608	31606	6	1	1	NA	NA
2176	unulro2_2176	31538	31607	31606	6	1	1	NA	NA
2176	unulro2_2176	31535	31605	31604	6	1	1	NA	NA
2176	unulro2_2176	31552	31602	31626	6	1	0	NA	NA
2176	unulro2_2176	31551	31602	31621	6	1	0	NA	NA
2176	unulro2_2176	31546	31602	31612	6	1	0	NA	NA
2176	unulro2_2176	31545	31609	31611	6	1	1	NA	NA
2176	unulro2_2176	31544	31617	31620	6	1	0	NA	NA
2176	unulro2_2176	31543	31617	31619	6	1	0	NA	NA
2176	unulro2_2176	31542	31602	31617	6	1	0	NA	NA
2176	unulro2_2176	31541	31609	31610	6	1	1	NA	NA
2176	unulro2_2176	31540	31602	31609	6	1	0	NA	NA
2176	unulro2_2176	31537	31602	31606	6	1	0	NA	NA
2176	unulro2_2176	31536	31602	31604	6	1	0	NA	NA
2195	vapiji2_2195	31863	31892	31897	6	1	0	NA	NA
2195	vapiji2_2195	31862	31888	31889	6	1	0	NA	NA
2195	vapiji2_2195	31861	31888	31889	6	1	0	NA	NA
2195	vapiji2_2195	31860	31897	31900	6	1	0	NA	NA
2195	vapiji2_2195	31859	31891	31892	6	1	0	NA	NA
2195	vapiji2_2195	31858	31891	31893	6	1	0	NA	NA
2195	vapiji2_2195	31857	31890	31891	6	1	0	NA	NA
2195	vapiji2_2195	31856	31888	31890	6	1	0	NA	NA
2195	vapiji2_2195	31855	31897	31899	6	1	0	NA	NA
2195	vapiji2_2195	31854	31897	31898	6	1	0	NA	NA
2195	vapiji2_2195	31853	31894	31896	6	1	0	NA	NA
2195	vapiji2_2195	31852	31894	31895	6	1	0	NA	NA
2195	vapiji2_2195	31851	31889	31897	6	1	0	NA	NA
2195	vapiji2_2195	31850	31889	31894	6	1	0	NA	NA
2195	vapiji2_2195	31849	31888	31889	6	1	0	NA	NA
2116	wabada2_2116	30500	30747	30784	6	1	0	NA	NA
2116	wabada2_2116	30498	30747	30784	6	1	0	NA	NA
2116	wabada2_2116	30497	30772	30784	6	1	0	NA	NA
2116	wabada2_2116	30486	30747	30772	6	1	0	NA	NA
2116	wabada2_2116	30484	30757	30772	6	1	0	NA	NA
2116	wabada2_2116	30474	30747	30757	6	1	0	NA	NA
2116	wabada2_2116	30471	30607	30747	6	1	0	NA	NA
2116	wabada2_2116	30460	30722	30736	6	1	0	NA	NA
2116	wabada2_2116	30458	30722	30729	6	1	0	NA	NA
2116	wabada2_2116	30451	30607	30722	6	1	0	NA	NA
2116	wabada2_2116	30445	30607	30635	6	1	0	NA	NA
2116	wabada2_2116	30444	30621	30705	6	1	0	NA	NA
2116	wabada2_2116	30442	30635	30705	6	1	0	NA	NA
2116	wabada2_2116	30438	30635	30695	6	1	0	NA	NA
2116	wabada2_2116	30433	30669	30686	6	1	0	NA	NA
2116	wabada2_2116	30432	30669	30686	6	1	0	NA	NA
2116	wabada2_2116	30431	30669	30686	6	1	0	NA	NA
2116	wabada2_2116	30429	30666	30682	6	1	0	NA	NA
2116	wabada2_2116	30425	30669	30682	6	1	0	NA	NA
2116	wabada2_2116	30418	30635	30669	6	1	0	NA	NA
2116	wabada2_2116	30409	30663	30666	6	1	0	NA	NA
2116	wabada2_2116	30408	30635	30663	6	1	0	NA	NA
2116	wabada2_2116	30396	30641	30652	6	1	0	NA	NA
2116	wabada2_2116	30391	30641	30647	6	1	0	NA	NA
2116	wabada2_2116	30388	30608	30641	6	1	0	NA	NA
2116	wabada2_2116	30382	30608	30611	6	1	0	NA	NA
2116	wabada2_2116	30381	30608	30616	6	1	0	NA	NA
2116	wabada2_2116	30380	30608	30619	6	1	0	NA	NA
2116	wabada2_2116	30379	30608	30621	6	1	0	NA	NA
2116	wabada2_2116	30377	30619	30621	6	1	0	NA	NA
2116	wabada2_2116	30376	30611	30619	6	1	0	NA	NA
2116	wabada2_2116	30375	30611	30616	6	1	0	NA	NA
2116	wabada2_2116	30370	30607	30608	6	1	0	NA	NA
2128	wienke2_2128	30749	30710	31025	9	1	1	NA	NA
2128	wienke2_2128	30718	30802	31000	6	1	0	NA	NA
2128	wienke2_2128	30714	30735	31000	6	1	0	NA	NA
2128	wienke2_2128	30691	30673	30735	6	1	0	NA	NA
2128	wienke2_2128	30681	30822	30742	6	1	1	NA	NA
2128	wienke2_2128	30636	30755	30742	6	1	1	NA	NA
2128	wienke2_2128	30622	30673	30922	6	1	1	NA	NA
2128	wienke2_2128	30617	30922	30822	6	1	1	NA	NA
2128	wienke2_2128	30573	30724	30702	6	1	1	NA	NA
2128	wienke2_2128	30576	30802	30702	6	1	1	NA	NA
2128	wienke2_2128	30570	30724	30802	6	1	0	NA	NA
2128	wienke2_2128	30566	30673	30802	6	1	1	NA	NA
2128	wienke2_2128	30563	30673	30724	6	1	1	NA	NA
2128	wienke2_2128	30557	30694	30776	6	1	0	NA	NA
2128	wienke2_2128	30556	30673	30776	6	1	0	NA	NA
2128	wienke2_2128	30551	30673	30694	6	1	1	NA	NA
2128	wienke2_2128	30547	30755	30859	6	1	0	NA	NA
2128	wienke2_2128	30541	30673	30710	9	1	1	NA	NA
2128	wienke2_2128	30539	30710	30859	6	1	1	NA	NA
2128	wienke2_2128	30537	30710	30742	6	1	1	NA	NA
2128	wienke2_2128	30530	30822	30761	6	1	1	NA	NA
2128	wienke2_2128	30528	30755	30761	6	1	1	NA	NA
