CAM_ID	participantCAM	mean_valence_macro	mean_valence_normed_macro	density_macro	transitivity_macro	centr_degree_macro	centr_clo_macro	centr_betw_macro	centr_eigen_macro	meanDistance_directed_macro	meanDistance_undirected_macro	diameter_weighted_undirected_macro	diameter_unweighted_undirected_macro	diameter_unweighted_directed_macro	num_nodes_macro	num_nodes_pos_macro	num_nodes_neg_macro	num_nodes_neut_macro	num_nodes_ambi_macro	num_edges_macro	num_edges_solid_macro	num_edges_dashed_macro	num_edges_invaliddashed_macro	meanWeightEdges_macro	reciprocity_macro	assortativity_valence_macro	assortativityDegree_macro	degreetot_micro_technologicalimplant	valence_micro_technologicalimplant	centr_clo_micro_technologicalimplant
alcojo2_2316	alcojo2_2316	-0.6111111111111112	-0.1111111111111111	0.09150326797385622	0.2465753424657534	0.12110726643598616	0.4198377865957326	0.47034107760751365	0.6099954433810357	1.7580645161290323	2.4836601307189543	10	5	4	18	6	8	3	1	28	23	5	2	2	0.07142857142857142	0.1813752030319431	-0.08949416342412446	7	0	1
apchro2_2171	apchro2_2171	-0.8695652173913043	-0.43478260869565216	0.043478260869565216	0	0.1446280991735537	0.5362698248173297	0.8404171585989768	0.814522886690226	1.3823529411764706	3.027667984189723	10	5	3	23	4	14	1	4	22	22	0	0	2	0	0.5132743362831859	-0.12237159600137859	8	0	1
babrsh2_2145	babrsh2_2145	0.1	0.1	0.09473684210526316	0.05172413793103448	0.12188365650969529	0.4192845473583797	0.6116633955969135	0.765464700321806	2.871657754010695	2.9842105263157896	14	6	6	20	10	8	1	1	36	31	5	2	2.361111111111111	0.5555555555555556	0.034277198211622624	0.14558026537095842	6	0	1
babuim2_2216	babuim2_2216	-1.3076923076923077	-0.38461538461538464	0.07692307692307693	0	0.4131944444444444	0.9004556050010597	0.9709595959595959	0.7790419442198204	1	1.9743589743589745	6	3	1	13	3	8	2	0	12	4	8	1	2	0	-0.6344086021505373	-0.8676639815880327	11	0	1
bechan2_2141	bechan2_2141	0.2	0	0.05263157894736842	0	0.13850415512465375	0.5118808461320619	0.819636811326562	0.7822698429165903	1.4857142857142858	3.0894736842105264	15	6	3	20	7	7	1	5	20	17	3	2	2.2	0.1	0.29038281979458397	-0.06024096385542168	7	0	1
bopofr2_2182	bopofr2_2182	0.2857142857142857	0.09523809523809523	0.06666666666666667	0	0.16625	0.4871354597375138	0.8339473684210527	0.7350373905762166	1.5319148936170213	3.2095238095238097	14	7	4	21	8	6	3	4	28	17	11	2	2	0.5714285714285714	-0.003935286401399537	-0.35483870967741926	9	0	1
brabgo2_2174	brabgo2_2174	-0.55	-0.2	0.12894736842105264	0.28448275862068967	0.19667590027700832	0.3283991394848194	0.2952929905838494	0.7023276308211664	2.6196581196581197	2.4368421052631577	10	5	7	20	4	8	5	3	49	37	12	0	2.2857142857142856	0.5714285714285714	0.034050179211468794	-0.020954875580426437	6	0	0.942857142857143
brhuan2_2129	brhuan2_2129	-0.16666666666666666	-0.25	0.043478260869565216	0.061224489795918366	0.09073724007561437	0.4250365746345933	0.7148994672624163	0.7395912987647147	1.5555555555555556	3.318840579710145	10	5	3	24	7	13	0	4	24	24	0	2	2	0	0.3753753753753761	-0.37579617834394863	5	-2	1
bumado2_2180	bumado2_2180	-0.6923076923076923	-0.38461538461538464	0.07692307692307693	0	0.2326388888888889	0.5512206972653223	0.7159090909090909	0.6948826958819587	1.4	2.230769230769231	7	3	2	13	2	7	1	3	12	9	3	0	2.0833333333333335	0	-0.5000000000000011	-0.8387096774193549	7	0	1
cabero2_2172	cabero2_2172	0.2727272727272727	0	0.1181818181818182	0.23076923076923078	0.09	0.44354951632729434	0.5603703703703704	0.6150507475103419	1.5	2.381818181818182	8	4	3	11	4	4	3	0	13	13	0	0	2	0	0.08450704225352104	-0.5	4	0	1
chbost2_2127	chbost2_2127	-0.4838709677419355	-0.12903225806451613	0.04408602150537634	0.192	0.09222222222222222	0.4684932283417354	0.7142656449553	0.7539737752207633	1.8181818181818181	3.098924731182796	16	6	6	31	11	15	1	4	41	17	24	16	2.658536585365854	0	0.457578372159907	-0.3015873015873017	8	0	1
chrost2_2159	chrost2_2159	1.0714285714285714	0.35714285714285715	0.14285714285714285	0	0.2603550295857988	0.49124670801334896	0.7209072978303748	0.7215676737817152	2.8131868131868134	2.8131868131868134	15	5	5	14	9	4	1	0	26	26	0	0	2.923076923076923	1	0.13333333333333333	-0.2428940568475456	10	0	1
cofrni2_2204	cofrni2_2204	0.4666666666666667	0.13333333333333333	0.09047619047619047	0.14705882352941177	0.4387755102040816	0.9701775147928997	0.9391679748822606	0.756335436097737	1.05	1.819047619047619	4	2	2	15	7	5	1	2	19	16	3	0	2	0	-0.25680933852140003	-0.6322230326606694	14	0	1
crjori2_2140	crjori2_2140	0.2857142857142857	0.07142857142857142	0.07142857142857142	0	0.1301775147928994	0.42046028106883343	0.6400394477317555	0.6774299349306934	1.5	2.9450549450549453	13	5	3	14	7	6	1	0	13	11	2	0	2.3846153846153846	0	0.2613636363636385	-0.5837563451776648	4	0	1
dewaed2_2230	dewaed2_2230	-0.34615384615384615	-0.19230769230769232	0.038461538461538464	0	0.1056	0.4102407992099367	0.7761333333333333	0.827674734515207	1.7450980392156863	3.649230769230769	16	8	4	26	10	15	0	1	25	25	0	0	2	0	0.11131898971000771	-0.08120035304501311	7	0	1
dheaku2_2155	dheaku2_2155	1.2857142857142858	0.42857142857142855	0.2142857142857143	0	0.5277777777777778	0.7857142857142857	0.8777777777777778	0.7388761161058819	1.8076923076923077	1.9047619047619047	9	3	3	7	4	1	1	1	9	8	1	0	2.7777777777777777	0.6666666666666666	-0.4754098360655731	-0.7831325301204816	8	0	1
dinoro2_2118	dinoro2_2118	0.21052631578947367	0.10526315789473684	0.06432748538011696	0.033707865168539325	0.3132716049382716	0.7278712557988444	0.9045025417574437	0.7716749495572437	1.2903225806451613	2.3216374269005846	8	4	2	19	8	6	4	1	22	22	0	1	2	0.2727272727272727	-0.2827988338192408	-0.6142832793591275	13	0	1
fastst2_2392	fastst2_2392	0.6363636363636364	0.36363636363636365	0.1	0	0.22	0.5405172413793102	0.7088888888888889	0.7373946215394871	1.9333333333333333	2.4	9	4	3	11	7	3	1	0	11	10	1	0	2.090909090909091	0.18181818181818182	-0.3237822349570179	-0.4277879341864715	6	0	1
foblcr2_2187	foblcr2_2187	-0.2222222222222222	-0.1111111111111111	0.06535947712418301	0.13953488372093023	0.11764705882352941	0.5161825478343418	0.7296712802768166	0.7070880685856585	1.3103448275862069	2.7973856209150325	8	4	2	18	4	6	1	7	20	19	1	0	2	0	-0.09999999999999964	-0.24679760888129793	6	0	1
gicrto2_2157	gicrto2_2157	0.2777777777777778	0.05555555555555555	0.06209150326797386	0	0.18339100346020762	0.5568768741434956	0.8235294117647058	0.75321835945272	1.3793103448275863	2.7908496732026142	11	5	3	18	9	8	1	0	19	10	9	5	2.263157894736842	0.21052631578947367	0.10377358490565884	-0.33458021612635075	8	0	1
grstri2_2121	grstri2_2121	-1.3333333333333333	-0.3333333333333333	0.3333333333333333	0	0.25	1.0000000000000004	1	0.5857864376269051	1.3333333333333333	1.3333333333333333	4	2	2	3	1	2	0	0	2	1	1	0	2	0	-0.3333333333333333	-1	NA	NA	NA
guohti2_2183	guohti2_2183	0	-0.14285714285714285	0.19047619047619047	0.3	0.16666666666666666	0.6083333333333334	0.6888888888888889	0.5016092888581702	1.2	2.0476190476190474	8	4	2	7	2	3	1	1	8	8	0	0	2	0.25	0.36	-0.16363636363636364	NA	NA	NA
habrfa2_2156	habrfa2_2156	-0.3157894736842105	-0.05263157894736842	0.09649122807017545	0.14634146341463414	0.13271604938271606	0.3585424792289602	0.5580973129992738	0.8156185899831546	2.481818181818182	3.2339181286549707	13	6	6	19	7	8	1	3	33	32	1	0	2.0606060606060606	0.7272727272727273	-0.18135764944275637	-0.2433993399339936	5	0	1
halida2_2167	halida2_2167	0	0	0.14285714285714285	0	0.4166666666666667	1.0000000000000002	1	0.7101020514433645	1	1.7142857142857142	4	2	1	7	3	3	1	0	6	6	0	0	2	0	-0.8181818181818182	-1	NA	NA	NA
hateah2_2147	hateah2_2147	0.11764705882352941	0.058823529411764705	0.08823529411764706	0.13333333333333333	0.23828125	0.4871771291579767	0.70859375	0.8131174208124357	2.7050359712230216	2.8088235294117645	10	5	5	17	7	6	2	2	24	19	5	0	2	0.3333333333333333	0.055238095238095024	-0.09368191721132904	10	0	1
haweph2_2169	haweph2_2169	-0.23809523809523808	-0.14285714285714285	0.05476190476190477	0.05	0.1	0.44417489823014605	0.5527631578947368	0.6340794691769032	1.4102564102564104	2.947619047619048	8	4	2	21	8	11	2	0	23	23	0	0	2	0	-0.016064257028112594	-0.7700364298724953	4	0	1
kabosa2_2114	kabosa2_2114	0	0	0.13333333333333333	0.25	0.16049382716049382	0.4634653540903542	0.5617283950617284	0.4223296761111496	1.7083333333333333	2.066666666666667	7	3	3	10	4	4	1	1	12	9	3	0	2.0833333333333335	0	-0.15755627009646153	-0.6666666666666666	NA	NA	NA
knbane2_2144	knbane2_2144	0	0	0.16666666666666666	0.14285714285714285	0.1640625	0.5357402010107143	0.556919642857143	0.5479231531828895	1.619047619047619	2.0555555555555554	9	4	4	9	3	3	2	1	12	11	1	0	2.3333333333333335	0.16666666666666666	-0.37499999999999983	-0.13207547169811265	NA	NA	NA
lamigr2_2146	lamigr2_2146	-0.75	-0.16666666666666666	0.10606060606060606	0	0.1322314049586777	0.43669425443722126	0.5239669421487604	0.6333997964284173	1.5	2.4696969696969697	10	5	3	12	3	5	4	0	14	11	3	0	2	0	-0.13918629550321154	-0.23985239852398538	5	0	1
lesole2_2160	lesole2_2160	0.18181818181818182	0	0.15454545454545454	0.09375	0.435	0.7730158730158735	0.8933333333333333	0.7249315019955755	2.0806451612903225	2.090909090909091	8	4	4	11	5	5	1	0	17	11	6	0	2.0588235294117645	0.7058823529411765	-0.30769230769230715	-0.535014636343166	NA	NA	NA
lileal2_2188	lileal2_2188	1.2	0.4	0.06578947368421052	0	0.2631578947368421	0.5273918769272907	0.8020929516774392	0.8526815991477233	2.300751879699248	2.968421052631579	12	4	3	20	12	4	1	3	25	19	6	1	2.56	0.48	-0.017441860465116518	-0.09793157533575149	NA	NA	NA
maaval2_2115	maaval2_2115	1.375	0.5625	0.0625	0	0.14666666666666667	0.5316330908793725	0.7542857142857143	0.7388129254901549	1.375	2.7	8	4	2	16	12	3	0	1	15	12	3	0	2	0	0.2307692307692312	-0.4893617021276599	6	0	1
makgda2_2139	makgda2_2139	-0.6363636363636364	-0.2727272727272727	0.19090909090909092	0.2647058823529412	0.56	0.64215294217548	0.7079999999999999	0.7482194051560873	2.076923076923077	2.1272727272727274	9	4	4	11	2	5	2	2	21	18	3	0	2.0476190476190474	0.7619047619047619	0.3684210526315786	-0.50366300366300365	14	0	1
maorpa2_2154	maorpa2_2154	-0.32	-0.2	0.051666666666666666	0.07720588235294118	0.4453125	0.9382645452636	0.959993961352657	0.8164021853136805	1.03125	1.97	6	3	2	25	9	14	1	1	31	31	0	0	2	0	-0.26835138387484975	-0.6353296659171216	NA	NA	NA
maphro2_2148	maphro2_2148	0.6153846153846154	0.15384615384615385	0.09615384615384615	0.08333333333333333	0.3472222222222222	0.6697708609473316	0.8409090909090909	0.7926868503951279	1.7692307692307692	2.2948717948717947	8	4	3	13	6	4	2	1	15	13	2	0	2.066666666666667	0.26666666666666666	0.035087719298245265	-0.4995357474466109	10	0	1
mcinow2_2150	mcinow2_2150	-0.15384615384615385	-0.07692307692307693	0.10897435897435898	0	0.24305555555555555	0.4554846617346615	0.6578282828282829	0.8010864298081691	2.493333333333333	2.8205128205128207	12	5	5	13	5	6	1	1	17	15	2	0	2.235294117647059	0.5882352941176471	0.11111111111111074	-0.25731895223420637	6	0	1
mecopa2_2123	mecopa2_2123	0.22727272727272727	0.22727272727272727	0.045454545454545456	0	0.2766439909297052	0.6644242249087602	0.8893424036281179	0.8270589098493814	1.2758620689655173	2.497835497835498	10	4	2	22	12	7	1	2	21	15	6	0	2.5238095238095237	0	-0.12114989733059589	-0.5725319006044326	13	0	1
melial2_2161	melial2_2161	-0.9090909090909091	-0.2727272727272727	0.19090909090909092	0.24324324324324326	0.67	0.7523809523809528	0.8439999999999999	0.7598203186342103	1.945054945054945	2.0545454545454547	8	4	4	11	2	5	1	3	21	15	6	0	2	0.7619047619047619	-0.17209302325581302	-0.5916899051868378	NA	NA	NA
moaahe2_2186	moaahe2_2186	-0.13333333333333333	0.06666666666666667	0.14285714285714285	0.23376623376623376	0.22959183673469388	0.5825686666079564	0.629625476564252	0.6067636919920899	3.5384615384615383	2.1904761904761907	8	4	10	15	6	5	1	3	30	30	0	1	2	0.4666666666666667	0.045936395759717454	-0.2621506682867555	10	0	1
mogljo2_2133	mogljo2_2133	0	-0.05	0.09473684210526316	0.1935483870967742	0.2880886426592798	0.4926789090927222	0.6977531548168667	0.8118862154613237	2.7456896551724137	2.857894736842105	12	6	6	20	8	9	3	0	36	25	11	4	2.0555555555555554	0.6111111111111112	-0.3677346186560821	-0.11771720613287899	14	0	1
nabiqa2_2173	nabiqa2_2173	-0.3	-0.1	0.1	0	0.19753086419753085	0.32006025163919893	0.5740740740740741	0.7108378167310083	1.5294117647058822	2.6444444444444444	10	5	3	10	4	5	1	0	9	4	5	4	2	0	0.34306569343065696	-0.739130434782609	2	0	1
nnpopa2_2151	nnpopa2_2151	-1.3333333333333333	-0.4444444444444444	0.1388888888888889	0.1875	0.40625	0.9591836734693879	0.9285714285714286	0.6940948406206621	1	1.7222222222222223	4	2	1	9	2	6	1	0	10	4	6	0	2	0	-0.7073170731707304	-0.7418032786885249	8	0	1
nonakr2_2130	nonakr2_2130	0.05555555555555555	-0.05555555555555555	0.06535947712418301	0.12	0.11764705882352941	0.4430374867607587	0.6038062283737025	0.7096059957329961	1.4242424242424243	2.6993464052287583	12	5	3	18	6	7	0	5	20	20	0	0	2.1	0	0.7385620915032681	-0.46913580246913583	6	0	1
nxduvi2_2217	nxduvi2_2217	0.2857142857142857	0	0.07692307692307693	0	0.2485207100591716	0.5394628063213588	0.7583826429980276	0.7993698499927744	1.8181818181818181	2.5494505494505493	10	5	4	14	5	5	2	2	14	12	2	0	2	0.14285714285714285	0.5971223021582736	-0.5891891891891888	8	0	1
pabita2_2136	pabita2_2136	-0.21428571428571427	-0.07142857142857142	0.13186813186813187	0	0.23076923076923078	0.4493190244237656	0.6745562130177515	0.7040725293879939	2.793103448275862	2.868131868131868	14	6	6	14	4	5	2	3	24	15	9	0	2.1666666666666665	0.9166666666666666	-0.04831237590999393	-0.26455026455026465	9	0	1
palofa2_2184	palofa2_2184	0.2916666666666667	0.20833333333333334	0.06702898550724638	0	0.11153119092627599	0.42765883209116345	0.7444578106203815	0.6710678116783083	1.8105263157894738	3.4782608695652173	12	6	4	24	12	7	1	4	37	29	8	1	2	0.7567567567567568	0.051060853345769194	-0.3846931894807825	5	0	1
pebime2_2143	pebime2_2143	0.07142857142857142	0.14285714285714285	0.0934065934065934	0.13333333333333333	0.23076923076923078	0.604895455708149	0.7051282051282052	0.7271888277293304	1.4230769230769231	2.2967032967032965	9	4	3	14	7	5	1	1	17	13	4	0	2.0588235294117645	0	-0.33412604042806404	-0.3316666666666666	8	0	1
pebrta2_2165	pebrta2_2165	0.21052631578947367	0.10526315789473684	0.05263157894736842	0	0.09104938271604938	0.5057415609524486	0.7668845315904139	0.740538442163663	1.4193548387096775	2.982456140350877	8	4	2	19	10	8	1	0	18	18	0	0	2	0	0.22222222222222004	-0.2925531914893616	5	0	1
peviwe2_2175	peviwe2_2175	-0.06666666666666667	0.06666666666666667	0.07619047619047618	0	0.18622448979591838	0.49510941291125493	0.5580847723704867	0.6537127247923981	1.4285714285714286	2.323809523809524	8	4	2	15	7	6	1	1	16	16	0	0	2	0	0.357032457496136	-0.679173463839043	1	0	0.617647058823529
prloja2_2126	prloja2_2126	0	0	0.10909090909090909	0	0.1	0.38709590038092484	0.5266666666666666	0.6589863690327338	2	2.690909090909091	12	6	4	11	4	4	2	1	12	10	2	1	2	0.16666666666666666	-0.06527415143603253	-0.2954545454545451	1	0	0.6
rimian2_2153	rimian2_2153	0.3888888888888889	0.16666666666666666	0.08169934640522876	0.3442622950819672	0.10034602076124567	0.42888297390262703	0.5631487889273357	0.670829822340749	1.3055555555555556	2.784313725490196	9	4	2	18	9	6	2	1	25	20	5	3	2.16	0	0.563838223632038	-0.2820512820512819	NA	NA	NA
rolimi2_2164	rolimi2_2164	0.3888888888888889	0.05555555555555555	0.08169934640522876	0.2222222222222222	0.22491349480968859	0.5086865462285711	0.7575259515570935	0.7934020413329183	2.36	2.784313725490196	12	5	5	18	7	6	2	3	25	16	9	3	2.28	0.24	0.03433476394849647	-0.18866970156803234	10	0	1
saalra2_2190	saalra2_2190	0.9166666666666666	0.2916666666666667	0.04166666666666667	0	0.22873345935727787	0.6098262032085562	0.8582230623818525	0.8274357630887597	1.3235294117647058	2.6449275362318843	11	4	2	24	14	7	1	2	23	15	8	0	2.4347826086956523	0	0.09803921568627502	-0.5416666666666666	12	0	1
sabuel2_2162	sabuel2_2162	-0.3	-0.1	0.2777777777777778	0.4225352112676056	0.43209876543209874	0.42837422993672986	0.2993827160493827	0.6329717555491813	1.8181818181818181	1.6	7	3	4	10	2	3	1	4	25	25	0	1	2.48	0.4	0.05374716124148369	-0.25713887728095897	NA	NA	NA
sahvda2_2134	sahvda2_2134	-1.2666666666666666	-0.4	0.07142857142857142	0.1111111111111111	0.11479591836734694	0.4055505255267968	0.6601255886970173	0.7386608023777341	1.9696969696969697	3.1333333333333333	14	7	5	15	4	10	1	0	15	15	0	2	2	0	-0.18541033434650422	-0.32812500000000017	5	0	0.84375
saloim2_2149	saloim2_2149	0.5	0.3333333333333333	0.08333333333333333	0	0.10743801652892562	0.38512026198439236	0.6347107438016529	0.7175129093374342	1.7272727272727273	3.1818181818181817	14	7	4	12	7	3	1	1	11	10	1	0	2	0	0.3888888888888873	-0.037735849056604154	4	0	1
siroro2_2163	siroro2_2163	-1	-0.3333333333333333	0.2222222222222222	0.4883720930232558	0.1015625	0.3489635364635365	0.25446428571428564	0.39896723420220603	1.5357142857142858	1.75	6	3	3	9	1	4	1	3	16	16	0	0	2	0	-0.5886524822695035	-0.06666666666666667	4	0	0.916666666666667
sitesh2_2138	sitesh2_2138	-0.09090909090909091	0.18181818181818182	0.2	0.2	0.715	0.8279573512906848	0.8629629629629629	0.7500114870695946	1.835164835164835	1.8727272727272728	7	3	3	11	6	4	1	0	22	14	8	1	2.272727272727273	0.7272727272727273	-0.36457615437629265	-0.6172298168687128	NA	NA	NA
skdeco2_2142	skdeco2_2142	-0.631578947368421	-0.10526315789473684	0.07017543859649122	0	0.043209876543209874	0.3047928352253761	0.49721617041878485	0.5172116157374921	2.287878787878788	3.473684210526316	14	7	6	19	8	10	1	0	24	22	2	0	2	0.3333333333333333	0.44186046511628047	-0.3846153846153857	4	0	1
slnyse2_2177	slnyse2_2177	0.5714285714285714	0.2857142857142857	0.2619047619047619	0.5172413793103449	0.18055555555555555	0.4634920634920636	0.3185185185185186	0.3926740757588389	1.375	1.5238095238095237	6	3	3	7	4	2	1	0	11	8	3	0	2	0	-0.06024096385542256	-0.4347826086956519	5	0	1
smkijo2_2192	smkijo2_2192	-0.375	-0.125	0.11666666666666667	0.17142857142857143	0.12444444444444444	0.40763697445703784	0.4696296296296296	0.6820449096493251	1.5576923076923077	2.325	8	4	3	16	3	5	1	7	28	24	4	0	2	0.21428571428571427	0.10657306955966879	-0.5716560509554135	NA	NA	NA
sutoje2_2122	sutoje2_2122	0.08333333333333333	0.16666666666666666	0.20454545454545456	0.5	0.2727272727272727	0.6332435302056044	0.3272727272727273	0.5264719012247459	1.4705882352941178	1.606060606060606	6	3	2	12	6	4	2	0	27	24	3	0	2	0	0.1355932203389825	-0.46439169139465925	10	0	1
swpoma2_2166	swpoma2_2166	-0.2962962962962963	-0.14814814814814814	0.037037037037037035	0	0.0613905325443787	0.2372111061000765	0.5559763313609467	0.6617286495891633	2.1728395061728394	4.153846153846154	17	8	4	27	8	12	6	1	26	24	2	0	2.0384615384615383	0	0.49879518072289225	-0.29353233830845793	2	0	1
sybash2_2119	sybash2_2119	1.3333333333333333	0.6666666666666666	0.4666666666666667	0.4	0.64	0.8660714285714286	0.74	0.5465983743379168	1.5333333333333334	1.5333333333333334	4	2	2	6	4	0	1	1	14	14	0	0	2	1	-0.1666666666666659	-0.7657657657657657	10	0	1
syload2_2125	syload2_2125	0.21739130434782608	0.08695652173913043	0.07509881422924901	0.11320754716981132	0.1115702479338843	0.3516546793705524	0.3769283746556475	0.7342143569520815	1.9393939393939394	2.7786561264822134	15	6	5	23	11	9	1	2	38	33	5	0	2.3684210526315788	0.10526315789473684	0.1758133420966129	-0.04381084840055617	5	0	0.872340425531915
thcape2_2200	thcape2_2200	-0.9473684210526315	-0.2631578947368421	0.07602339181286549	0.22727272727272727	0.18364197530864199	0.4475205531803205	0.5867828612926652	0.7978936444691064	2.314814814814815	2.7719298245614037	10	4	4	19	5	10	2	2	26	21	5	1	2.1538461538461537	0.3076923076923077	0.03769705277587385	-0.2190192180251825	9	0	1
thwhda2_2317	thwhda2_2317	-1.6363636363636365	-0.5454545454545454	0.1	0.14285714285714285	0.22	0.6324194324194325	0.8088888888888889	0.7362543547561863	1.2666666666666666	2.381818181818182	8	4	2	11	1	7	1	2	11	5	6	0	2	0	-0.1000000000000014	-0.22222222222222238	6	0	1
trquji2_2124	trquji2_2124	0.37037037037037035	0.18518518518518517	0.041310541310541314	0	0.17677514792899407	0.29727434332874064	0.6686390532544378	0.8552270981625912	1.7142857142857142	3.4415954415954415	14	7	4	27	14	9	1	3	29	29	0	0	2	0	0.6568047337278117	-0.4578804347826088	2	0	0.983333333333333
tulosa2_2194	tulosa2_2194	0.8461538461538461	0.38461538461538464	0.10256410256410257	0.1935483870967742	0.06944444444444445	0.2909631634986606	0.3853114478114479	0.624038729924469	1.625	2.782051282051282	10	5	3	13	7	2	2	2	16	15	1	0	2	0	0.5	-0.5458937198067633	3	0	1
tunojo2_2152	tunojo2_2152	0.05263157894736842	0.10526315789473684	0.07309941520467837	0.09230769230769231	0.1574074074074074	0.5298830102508174	0.694625998547567	0.7145492981378393	1.4	2.590643274853801	8	4	3	19	8	6	2	3	25	21	4	0	2	0.08	0.10970706490522746	-0.2714460784313722	8	0	1
tuplsi2_2131	tuplsi2_2131	0	0	0.1	0	0.165	0.5169968881925404	0.7188888888888889	0.7035731695410627	1.2142857142857142	2.618181818181818	15	5	2	11	5	5	1	0	11	10	1	0	2.6363636363636362	0	0.09589041095890556	-0.15789473684210523	5	0	1
unulro2_2176	unulro2_2176	0.7777777777777778	0.2777777777777778	0.08169934640522876	0	0.1314878892733564	0.5600494175619181	0.8157439446366782	0.7561758835616752	1.4444444444444444	2.7908496732026142	8	4	2	18	10	5	1	2	25	25	0	1	2	0.64	0.21756688541140978	-0.4219576719576719	7	0	1
vapiji2_2195	vapiji2_2195	1.1538461538461537	0.38461538461538464	0.08333333333333333	0	0.13541666666666666	0.333125613201366	0.4577020202020202	0.6656198358401579	2.097560975609756	2.769230769230769	12	6	4	13	6	1	2	4	13	13	0	0	2	0	-0.1762870514820593	-0.598705501618123	2	0	0.793103448275862
wabada2_2116	wabada2_2116	0.625	0.25	0.05434782608695652	0.23076923076923078	0.07939508506616257	0.37311745376572464	0.5904794638253995	0.7780640201379021	1.6	3.289855072463768	12	6	3	24	9	3	6	6	30	30	0	0	2	0	-0.028331584470093825	-0.09859154929577425	4	0	1
wienke2_2128	wienke2_2128	0.5	0.25	0.15416666666666667	0.16981132075471697	0.26222222222222225	0.43291575970710927	0.607915343915344	0.6728697319350455	2.5357142857142856	2.55	11	5	5	16	8	4	3	1	37	37	0	1	2.108108108108108	0.8108108108108109	0.06818721786647677	-0.24185867895545377	12	0	1
