CAM	participantCAM	id	daughterID	motherID	intensity	agreement	isBidirectional	isDeletable	isActive
1927	absdw1_1927	29608	29323	29343	6	1	0	NA	NA
1927	absdw1_1927	29597	29323	29331	6	1	0	NA	NA
1927	absdw1_1927	29596	29323	29325	6	1	0	NA	NA
1927	absdw1_1927	29595	29323	29324	6	1	0	NA	NA
1906	alcoj1_1906	29419	29124	29147	6	1	1	NA	NA
1906	alcoj1_1906	29417	29128	29135	6	1	1	NA	NA
1906	alcoj1_1906	29414	29124	29126	6	1	1	NA	NA
1906	alcoj1_1906	29411	29138	29169	6	1	1	NA	NA
1906	alcoj1_1906	29409	29126	29141	6	1	1	NA	NA
1906	alcoj1_1906	29407	29141	29169	6	1	1	NA	NA
1906	alcoj1_1906	29406	29126	29141	6	1	0	NA	NA
1906	alcoj1_1906	29403	29137	29147	6	1	0	NA	NA
1906	alcoj1_1906	29401	29137	29148	6	1	1	NA	NA
1906	alcoj1_1906	29400	29147	29148	6	1	0	NA	NA
1906	alcoj1_1906	29397	29124	29128	6	1	1	NA	NA
1906	alcoj1_1906	29381	29131	29124	6	1	0	NA	NA
1906	alcoj1_1906	29394	29124	29138	6	1	1	NA	NA
1906	alcoj1_1906	29386	29155	29142	6	1	1	NA	NA
1906	alcoj1_1906	29384	29142	29144	6	1	1	NA	NA
1906	alcoj1_1906	29383	29155	29144	6	1	1	NA	NA
1906	alcoj1_1906	29379	29138	29135	6	1	1	NA	NA
1906	alcoj1_1906	29375	29124	29135	6	1	1	NA	NA
1906	alcoj1_1906	29373	29135	29124	6	1	1	NA	NA
1906	alcoj1_1906	29372	29124	29155	6	1	1	NA	NA
1856	apchr1_1856	28470	28312	28537	6	1	0	NA	NA
1856	apchr1_1856	28450	28312	28516	6	1	0	NA	NA
1856	apchr1_1856	28431	28312	28512	6	0	0	NA	NA
1856	apchr1_1856	28389	28397	28459	6	0	0	NA	NA
1856	apchr1_1856	28386	28312	28350	6	0	0	NA	NA
1856	apchr1_1856	28378	28312	28411	6	0	0	NA	NA
1856	apchr1_1856	28372	28312	28459	6	1	0	NA	NA
1856	apchr1_1856	28356	28331	28359	6	1	0	NA	NA
1856	apchr1_1856	28355	28312	28331	6	1	0	NA	NA
1871	babrs1_1871	28945	28584	28835	6	1	1	NA	NA
1871	babrs1_1871	28916	28523	28907	6	1	0	NA	NA
1871	babrs1_1871	28519	28584	28546	6	1	1	NA	NA
1871	babrs1_1871	28809	28794	28523	6	1	1	NA	NA
1871	babrs1_1871	28817	28794	28835	6	1	1	NA	NA
1871	babrs1_1871	28812	28718	28779	6	1	0	NA	NA
1871	babrs1_1871	28751	28747	28523	6	0	1	NA	NA
1871	babrs1_1871	28754	28747	28756	6	1	1	NA	NA
1871	babrs1_1871	28718	28727	28718	6	0	1	NA	NA
1871	babrs1_1871	28716	28523	28718	6	1	0	NA	NA
1871	babrs1_1871	28623	28642	28523	6	0	1	NA	NA
1871	babrs1_1871	28643	28618	28523	9	0	1	NA	NA
1871	babrs1_1871	28595	28632	28642	6	0	1	NA	NA
1871	babrs1_1871	28562	28609	28618	6	1	0	NA	NA
1871	babrs1_1871	28507	28546	28523	6	1	1	NA	NA
1971	babui1_1971	29978	29630	29632	6	0	0	NA	NA
1971	babui1_1971	29977	29618	29645	6	1	0	NA	NA
1971	babui1_1971	29976	29618	29647	6	1	0	NA	NA
1971	babui1_1971	29975	29645	29647	6	1	0	NA	NA
1971	babui1_1971	29974	29618	29648	6	1	0	NA	NA
1971	babui1_1971	29973	29618	29645	6	0	0	NA	NA
1971	babui1_1971	29972	29618	29647	6	0	0	NA	NA
1971	babui1_1971	29971	29618	29642	6	1	0	NA	NA
1971	babui1_1971	29970	29618	29648	6	1	0	NA	NA
1971	babui1_1971	29969	29618	29646	6	1	0	NA	NA
1971	babui1_1971	29968	29618	29645	6	1	0	NA	NA
1971	babui1_1971	29967	29618	29647	6	1	0	NA	NA
1971	babui1_1971	29966	29618	29647	6	1	0	NA	NA
1971	babui1_1971	29965	29618	29630	6	1	0	NA	NA
1971	babui1_1971	29964	29618	29630	6	1	0	NA	NA
1971	babui1_1971	29963	29622	29632	6	1	0	NA	NA
1971	babui1_1971	29962	29632	29637	9	1	0	NA	NA
1971	babui1_1971	29961	29622	29632	9	1	0	NA	NA
1827	becha1_1827	28059	28078	28093	6	1	0	NA	NA
1827	becha1_1827	28058	28091	28092	6	1	0	NA	NA
1827	becha1_1827	28057	28077	28091	6	1	0	NA	NA
1827	becha1_1827	28056	28089	28090	6	1	0	NA	NA
1827	becha1_1827	28055	28077	28089	6	1	0	NA	NA
1827	becha1_1827	28054	28077	28088	6	1	0	NA	NA
1827	becha1_1827	28052	28085	28086	6	1	0	NA	NA
1827	becha1_1827	28051	28080	28085	6	1	0	NA	NA
1827	becha1_1827	28050	28077	28085	6	1	0	NA	NA
1827	becha1_1827	28049	28077	28084	6	0	0	NA	NA
1827	becha1_1827	28048	28077	28083	6	1	0	NA	NA
1827	becha1_1827	28047	28077	28082	6	1	0	NA	NA
1827	becha1_1827	28046	28078	28082	6	0	0	NA	NA
1827	becha1_1827	28044	28077	28081	6	1	0	NA	NA
1827	becha1_1827	28043	28077	28080	6	0	0	NA	NA
1827	becha1_1827	28042	28077	28079	6	1	0	NA	NA
1827	becha1_1827	28041	28077	28078	9	0	0	NA	NA
1872	bopof1_1872	28748	28735	28740	6	1	0	NA	NA
1872	bopof1_1872	28735	28593	28735	6	0	0	NA	NA
1872	bopof1_1872	28700	28575	28719	6	0	0	NA	NA
1872	bopof1_1872	28676	28586	28705	6	1	0	NA	NA
1872	bopof1_1872	28627	28529	28600	6	1	0	NA	NA
1872	bopof1_1872	28626	28529	28626	6	1	0	NA	NA
1872	bopof1_1872	28622	28529	28586	6	1	0	NA	NA
1872	bopof1_1872	28621	28560	28586	6	0	0	NA	NA
1872	bopof1_1872	28618	28529	28608	6	1	0	NA	NA
1872	bopof1_1872	28602	28529	28593	6	1	0	NA	NA
1872	bopof1_1872	28598	28619	28626	6	0	0	NA	NA
1872	bopof1_1872	28589	28529	28575	6	1	0	NA	NA
1887	brabg1_1887	28974	28893	28800	6	1	1	NA	NA
1887	brabg1_1887	28967	28863	28804	6	1	1	NA	NA
1887	brabg1_1887	28941	28908	28773	6	0	1	NA	NA
1887	brabg1_1887	28932	28908	28761	6	0	1	NA	NA
1887	brabg1_1887	28923	28800	28908	6	1	0	NA	NA
1887	brabg1_1887	28901	28748	28761	6	1	1	NA	NA
1887	brabg1_1887	28891	28710	28893	6	1	0	NA	NA
1887	brabg1_1887	28878	28761	28804	6	1	1	NA	NA
1887	brabg1_1887	28855	28865	28863	9	1	1	NA	NA
1887	brabg1_1887	28862	28692	28865	6	1	1	NA	NA
1887	brabg1_1887	28859	28692	28863	6	1	0	NA	NA
1887	brabg1_1887	28856	28800	28863	6	1	1	NA	NA
1887	brabg1_1887	28837	28710	28800	9	1	0	NA	NA
1887	brabg1_1887	28819	28784	28807	6	1	0	NA	NA
1887	brabg1_1887	28815	28807	28773	6	0	1	NA	NA
1887	brabg1_1887	28813	28800	28807	6	1	0	NA	NA
1887	brabg1_1887	28808	28800	28804	9	1	0	NA	NA
1887	brabg1_1887	28803	28800	28773	6	0	1	NA	NA
1887	brabg1_1887	28801	28800	28761	9	0	1	NA	NA
1887	brabg1_1887	28782	28761	28784	6	0	0	NA	NA
1887	brabg1_1887	28781	28773	28784	6	1	0	NA	NA
1887	brabg1_1887	28777	28717	28761	6	1	1	NA	NA
1887	brabg1_1887	28774	28710	28773	6	1	0	NA	NA
1887	brabg1_1887	28773	28692	28773	6	1	0	NA	NA
1887	brabg1_1887	28744	28748	28692	6	1	1	NA	NA
1887	brabg1_1887	28727	28692	28710	9	1	1	NA	NA
1887	brabg1_1887	28726	28692	28717	6	1	0	NA	NA
1832	brhua1_1832	28318	28153	28183	6	1	0	NA	NA
1832	brhua1_1832	28209	28169	28195	6	0	0	NA	NA
1832	brhua1_1832	28202	28240	28147	6	1	1	NA	NA
1832	brhua1_1832	28176	28269	28154	6	1	1	NA	NA
1832	brhua1_1832	28144	28149	28228	6	1	0	NA	NA
1832	brhua1_1832	28143	28150	28228	6	1	0	NA	NA
1832	brhua1_1832	28141	28147	28228	6	1	0	NA	NA
1832	brhua1_1832	28113	28183	28164	6	0	1	NA	NA
1832	brhua1_1832	28102	28147	28195	6	1	0	NA	NA
1832	brhua1_1832	28097	28183	28154	6	1	1	NA	NA
1832	brhua1_1832	28098	28147	28183	6	1	0	NA	NA
1832	brhua1_1832	28095	28148	28154	6	1	0	NA	NA
1832	brhua1_1832	28094	28148	28150	6	1	0	NA	NA
1832	brhua1_1832	28093	28148	28150	6	1	0	NA	NA
1832	brhua1_1832	28092	28164	28169	6	1	1	NA	NA
1832	brhua1_1832	28091	28166	28169	6	1	1	NA	NA
1832	brhua1_1832	28089	28147	28169	6	1	0	NA	NA
1832	brhua1_1832	28088	28147	28164	6	1	0	NA	NA
1832	brhua1_1832	28087	28147	28156	6	1	0	NA	NA
1832	brhua1_1832	28086	28147	28154	6	1	0	NA	NA
1832	brhua1_1832	28085	28147	28150	6	1	0	NA	NA
1832	brhua1_1832	28084	28150	28154	6	1	0	NA	NA
1832	brhua1_1832	28083	28150	28156	6	1	1	NA	NA
1832	brhua1_1832	28082	28153	28154	6	1	1	NA	NA
1832	brhua1_1832	28081	28149	28154	6	1	1	NA	NA
1860	bumad1_1860	28634	28355	28665	6	0	0	NA	NA
1860	bumad1_1860	28603	28355	28376	6	0	0	NA	NA
1860	bumad1_1860	28599	28355	28637	6	0	0	NA	NA
1860	bumad1_1860	28530	28355	28599	6	0	0	NA	NA
1860	bumad1_1860	28512	28387	28576	6	1	0	NA	NA
1860	bumad1_1860	28464	28383	28423	6	1	0	NA	NA
1860	bumad1_1860	28463	28387	28423	6	1	0	NA	NA
1860	bumad1_1860	28460	28355	28416	6	0	0	NA	NA
1860	bumad1_1860	28455	28355	28376	6	1	0	NA	NA
1860	bumad1_1860	28452	28387	28399	6	0	0	NA	NA
1860	bumad1_1860	28448	28394	28444	6	1	0	NA	NA
1860	bumad1_1860	28413	28355	28490	6	0	0	NA	NA
1860	bumad1_1860	28412	28406	28490	6	1	0	NA	NA
1860	bumad1_1860	28400	28394	28399	6	1	0	NA	NA
1860	bumad1_1860	28398	28394	28399	6	1	0	NA	NA
1860	bumad1_1860	28387	28355	28383	9	1	0	NA	NA
1860	bumad1_1860	28383	28355	28394	9	0	0	NA	NA
1860	bumad1_1860	28380	28394	28399	6	1	0	NA	NA
1860	bumad1_1860	28374	28355	28383	6	1	0	NA	NA
1860	bumad1_1860	28373	28383	28387	6	1	0	NA	NA
1833	caber1_1833	28271	28152	28374	6	1	0	NA	NA
1833	caber1_1833	28213	28155	28315	6	1	0	NA	NA
1833	caber1_1833	28179	28159	28273	6	1	0	NA	NA
1833	caber1_1833	28148	28155	28236	6	1	0	NA	NA
1833	caber1_1833	28121	28188	28194	6	1	0	NA	NA
1833	caber1_1833	28120	28152	28188	6	1	0	NA	NA
1833	caber1_1833	28117	28152	28155	6	1	0	NA	NA
1833	caber1_1833	28103	28155	28159	6	1	0	NA	NA
1833	caber1_1833	28099	28155	28162	6	1	0	NA	NA
1905	chdaa1_1905	29437	29109	29180	9	1	0	NA	NA
1905	chdaa1_1905	29436	29159	29180	6	1	1	NA	NA
1905	chdaa1_1905	29434	29127	29180	6	1	1	NA	NA
1905	chdaa1_1905	29431	29175	29180	6	1	0	NA	NA
1905	chdaa1_1905	29423	29174	29109	6	1	1	NA	NA
1905	chdaa1_1905	29424	29152	29174	6	1	0	NA	NA
1905	chdaa1_1905	29392	29168	29109	6	1	1	NA	NA
1905	chdaa1_1905	29371	29154	29109	6	1	1	NA	NA
1905	chdaa1_1905	29353	29139	29109	6	1	1	NA	NA
1905	chdaa1_1905	29367	29152	29109	6	1	1	NA	NA
1905	chdaa1_1905	29359	29134	29109	6	0	1	NA	NA
1908	chros1_1908	29454	29191	29199	6	0	1	NA	NA
1908	chros1_1908	29452	29191	29197	6	1	1	NA	NA
1908	chros1_1908	29453	29194	29198	6	0	1	NA	NA
1908	chros1_1908	29448	29191	29196	6	0	1	NA	NA
1908	chros1_1908	29451	29191	29192	6	1	1	NA	NA
1908	chros1_1908	29450	29191	29193	6	1	0	NA	NA
1908	chros1_1908	29449	29191	29194	6	0	1	NA	NA
1908	chros1_1908	29447	29191	29195	6	0	1	NA	NA
1912	cofrn1_1912	29503	29239	29229	6	0	0	NA	NA
1912	cofrn1_1912	29502	29240	29229	6	1	0	NA	NA
1912	cofrn1_1912	29499	29233	29228	9	1	0	NA	NA
1912	cofrn1_1912	29498	29240	29235	9	1	0	NA	NA
1912	cofrn1_1912	29497	29240	29237	6	1	0	NA	NA
1912	cofrn1_1912	29496	29240	29238	6	1	0	NA	NA
1912	cofrn1_1912	29495	29240	29233	6	0	0	NA	NA
1912	cofrn1_1912	29494	29240	29236	6	0	0	NA	NA
1912	cofrn1_1912	29493	29240	29239	6	1	0	NA	NA
1912	cofrn1_1912	29492	29235	29234	9	1	0	NA	NA
1912	cofrn1_1912	29491	29240	29234	6	1	0	NA	NA
1912	cofrn1_1912	29490	29232	29231	9	1	0	NA	NA
1912	cofrn1_1912	29489	29237	29232	6	1	0	NA	NA
1912	cofrn1_1912	29488	29240	29231	6	0	0	NA	NA
1912	cofrn1_1912	29487	29240	29232	6	0	0	NA	NA
1912	cofrn1_1912	29486	29240	29228	6	0	0	NA	NA
1912	cofrn1_1912	29485	29235	29234	6	1	0	NA	NA
1912	cofrn1_1912	29484	29232	29230	9	1	0	NA	NA
1912	cofrn1_1912	29483	29240	29230	6	0	0	NA	NA
1896	dewae1_1896	29760	28987	29443	6	1	0	NA	NA
1896	dewae1_1896	29759	28987	29442	6	1	0	NA	NA
1896	dewae1_1896	29758	28968	29441	6	1	0	NA	NA
1896	dewae1_1896	29755	29438	29437	6	0	0	NA	NA
1896	dewae1_1896	29754	28962	29437	6	1	0	NA	NA
1896	dewae1_1896	29753	28962	29436	6	1	0	NA	NA
1896	dewae1_1896	29752	28990	29435	6	1	0	NA	NA
1896	dewae1_1896	29751	28987	29434	6	1	0	NA	NA
1896	dewae1_1896	29750	29002	29433	6	0	0	NA	NA
1896	dewae1_1896	29749	28962	29433	6	1	0	NA	NA
1896	dewae1_1896	29183	29002	29016	6	1	0	NA	NA
1896	dewae1_1896	29123	28962	29002	6	0	0	NA	NA
1896	dewae1_1896	29107	28962	28990	6	0	0	NA	NA
1896	dewae1_1896	29103	28962	28987	6	1	0	NA	NA
1896	dewae1_1896	29092	28962	28968	6	1	0	NA	NA
1845	dheak1_1845	28485	28256	28547	6	0	0	NA	NA
1845	dheak1_1845	28477	28342	28547	6	1	0	NA	NA
1845	dheak1_1845	28406	28243	28492	9	1	1	NA	NA
1845	dheak1_1845	28384	28275	28297	9	1	1	NA	NA
1845	dheak1_1845	28368	28275	28214	9	1	1	NA	NA
1845	dheak1_1845	28347	28306	28214	6	0	1	NA	NA
1845	dheak1_1845	28339	28337	28214	9	1	1	NA	NA
1845	dheak1_1845	28323	28342	28214	6	1	1	NA	NA
1845	dheak1_1845	28295	28214	28256	6	0	0	NA	NA
1845	dheak1_1845	28269	28243	28214	6	1	1	NA	NA
1852	doava1_1852	28418	28251	28391	6	1	0	NA	NA
1852	doava1_1852	28401	28327	28479	6	1	1	NA	NA
1852	doava1_1852	28385	28327	28443	6	0	1	NA	NA
1852	doava1_1852	28338	28251	28386	6	0	0	NA	NA
1852	doava1_1852	28319	28296	28391	6	0	0	NA	NA
1852	doava1_1852	28304	28251	28403	6	0	0	NA	NA
1852	doava1_1852	28308	28391	28403	6	0	0	NA	NA
1852	doava1_1852	28266	28251	28327	6	1	1	NA	NA
1852	doava1_1852	28242	28323	28251	6	1	1	NA	NA
1852	doava1_1852	28181	28276	28251	6	1	1	NA	NA
1852	doava1_1852	28175	28264	28251	6	1	1	NA	NA
1966	eaasc1_1966	29937	29591	29616	6	1	0	NA	NA
1966	eaasc1_1966	29936	29574	29616	6	1	0	NA	NA
1966	eaasc1_1966	29935	29606	29616	6	1	0	NA	NA
1966	eaasc1_1966	29934	29600	29616	6	1	0	NA	NA
1966	eaasc1_1966	29933	29578	29616	6	1	0	NA	NA
1966	eaasc1_1966	29932	29600	29606	6	1	0	NA	NA
1966	eaasc1_1966	29931	29589	29606	6	1	0	NA	NA
1966	eaasc1_1966	29930	29606	29607	9	1	0	NA	NA
1966	eaasc1_1966	29929	29564	29606	6	1	0	NA	NA
1966	eaasc1_1966	29928	29576	29603	6	1	0	NA	NA
1966	eaasc1_1966	29927	29585	29603	6	1	0	NA	NA
1966	eaasc1_1966	29926	29587	29603	6	1	0	NA	NA
1966	eaasc1_1966	29925	29601	29603	6	1	0	NA	NA
1966	eaasc1_1966	29922	29585	29601	6	1	0	NA	NA
1966	eaasc1_1966	29921	29587	29601	6	1	0	NA	NA
1966	eaasc1_1966	29920	29574	29601	6	1	0	NA	NA
1966	eaasc1_1966	29919	29589	29600	6	1	0	NA	NA
1966	eaasc1_1966	29918	29591	29600	6	1	0	NA	NA
1966	eaasc1_1966	29917	29595	29600	6	1	0	NA	NA
1966	eaasc1_1966	29916	29585	29600	6	1	0	NA	NA
1966	eaasc1_1966	29915	29564	29600	6	1	0	NA	NA
1966	eaasc1_1966	29913	29585	29589	6	1	0	NA	NA
1966	eaasc1_1966	29912	29576	29585	6	1	0	NA	NA
1966	eaasc1_1966	29911	29576	29585	6	1	0	NA	NA
1966	eaasc1_1966	29909	29585	29587	6	1	0	NA	NA
1966	eaasc1_1966	29908	29574	29585	6	1	0	NA	NA
1966	eaasc1_1966	29907	29574	29587	6	1	0	NA	NA
1966	eaasc1_1966	29906	29574	29589	6	1	0	NA	NA
1966	eaasc1_1966	29905	29574	29595	6	1	0	NA	NA
1966	eaasc1_1966	29904	29589	29595	6	1	0	NA	NA
1966	eaasc1_1966	29903	29595	29596	6	1	0	NA	NA
1966	eaasc1_1966	29902	29564	29595	6	1	0	NA	NA
1966	eaasc1_1966	29901	29591	29593	6	1	0	NA	NA
1966	eaasc1_1966	29900	29564	29593	6	1	0	NA	NA
1966	eaasc1_1966	29899	29564	29591	6	1	0	NA	NA
1966	eaasc1_1966	29886	29574	29576	6	1	0	NA	NA
1966	eaasc1_1966	29883	29564	29574	9	1	0	NA	NA
1966	eaasc1_1966	29880	29570	29578	9	1	0	NA	NA
1966	eaasc1_1966	29879	29564	29578	9	1	0	NA	NA
1966	eaasc1_1966	29878	29570	29578	6	1	0	NA	NA
1966	eaasc1_1966	29877	29568	29578	9	1	0	NA	NA
1966	eaasc1_1966	29875	29568	29570	9	1	0	NA	NA
1911	emmij1_1911	29518	29257	29251	6	1	1	NA	NA
1911	emmij1_1911	29517	29252	29247	9	1	1	NA	NA
1911	emmij1_1911	29516	29227	29252	9	1	1	NA	NA
1911	emmij1_1911	29515	29227	29251	6	1	1	NA	NA
1911	emmij1_1911	29514	29227	29249	6	1	1	NA	NA
1911	emmij1_1911	29513	29227	29242	9	1	1	NA	NA
1911	emmij1_1911	29512	29227	29246	6	1	1	NA	NA
1911	emmij1_1911	29511	29257	29244	6	1	1	NA	NA
1911	emmij1_1911	29510	29227	29244	6	1	1	NA	NA
1911	emmij1_1911	29509	29227	29258	9	1	0	NA	NA
1911	emmij1_1911	29508	29227	29257	9	1	1	NA	NA
1840	evbit1_1840	28288	28182	28390	6	0	0	NA	NA
1840	evbit1_1840	28229	28182	28325	6	0	0	NA	NA
1840	evbit1_1840	28227	28223	28325	6	1	0	NA	NA
1840	evbit1_1840	28225	28247	28325	6	1	0	NA	NA
1840	evbit1_1840	28207	28209	28290	6	1	0	NA	NA
1840	evbit1_1840	28201	28182	28290	6	1	0	NA	NA
1840	evbit1_1840	28199	28207	28290	6	1	0	NA	NA
1840	evbit1_1840	28155	28182	28247	6	0	0	NA	NA
1840	evbit1_1840	28138	28182	28223	6	0	0	NA	NA
1840	evbit1_1840	28134	28202	28210	6	1	0	NA	NA
1840	evbit1_1840	28130	28207	28209	6	1	0	NA	NA
1840	evbit1_1840	28125	28182	28210	6	1	0	NA	NA
1840	evbit1_1840	28122	28182	28209	6	1	0	NA	NA
1840	evbit1_1840	28119	28182	28207	6	1	0	NA	NA
1840	evbit1_1840	28110	28182	28202	6	1	0	NA	NA
1840	evbit1_1840	28106	28182	28200	9	0	0	NA	NA
1840	evbit1_1840	28101	28182	28189	9	1	0	NA	NA
1883	evbos1_1883	28959	28792	28780	6	0	0	NA	NA
1883	evbos1_1883	28955	28786	28859	9	0	0	NA	NA
1883	evbos1_1883	28952	28829	28786	6	0	0	NA	NA
1883	evbos1_1883	28950	28806	28891	9	0	0	NA	NA
1883	evbos1_1883	28946	28894	28896	9	0	0	NA	NA
1883	evbos1_1883	28940	28894	28909	6	1	0	NA	NA
1883	evbos1_1883	28939	28894	28899	9	0	0	NA	NA
1883	evbos1_1883	28935	28780	28899	9	0	0	NA	NA
1883	evbos1_1883	28934	28780	28899	6	1	0	NA	NA
1883	evbos1_1883	28933	28786	28885	9	1	0	NA	NA
1883	evbos1_1883	28929	28824	28786	6	0	0	NA	NA
1883	evbos1_1883	28927	28792	28896	9	0	0	NA	NA
1883	evbos1_1883	28926	28792	28884	6	1	0	NA	NA
1883	evbos1_1883	28924	28778	28894	9	0	1	NA	NA
1883	evbos1_1883	28872	28780	28859	9	0	0	NA	NA
1883	evbos1_1883	28871	28780	28855	9	0	0	NA	NA
1883	evbos1_1883	28870	28780	28866	9	0	0	NA	NA
1883	evbos1_1883	28868	28806	28786	9	1	0	NA	NA
1883	evbos1_1883	28867	28829	28790	9	0	0	NA	NA
1883	evbos1_1883	28864	28815	28790	6	1	0	NA	NA
1883	evbos1_1883	28861	28815	28813	9	1	0	NA	NA
1883	evbos1_1883	28858	28813	28790	9	0	0	NA	NA
1883	evbos1_1883	28857	28811	28790	9	0	0	NA	NA
1883	evbos1_1883	28854	28824	28790	9	0	0	NA	NA
1883	evbos1_1883	28853	28795	28792	9	1	0	NA	NA
1883	evbos1_1883	28851	28797	28792	6	1	0	NA	NA
1883	evbos1_1883	28848	28801	28792	9	1	0	NA	NA
1883	evbos1_1883	28834	28790	28778	9	0	0	NA	NA
1883	evbos1_1883	28830	28792	28778	6	1	0	NA	NA
1883	evbos1_1883	28824	28786	28778	9	1	0	NA	NA
1883	evbos1_1883	28818	28778	28780	9	0	0	NA	NA
1847	fasts1_1847	28825	28498	28838	6	1	0	NA	NA
1847	fasts1_1847	28802	28498	28814	6	1	0	NA	NA
1847	fasts1_1847	28789	28759	28562	6	1	1	NA	NA
1847	fasts1_1847	28788	28353	28798	6	1	0	NA	NA
1847	fasts1_1847	28776	28515	28333	9	0	1	NA	NA
1847	fasts1_1847	28771	28284	28527	6	1	0	NA	NA
1847	fasts1_1847	28766	28219	28515	6	1	0	NA	NA
1847	fasts1_1847	28765	28219	28515	6	1	0	NA	NA
1847	fasts1_1847	28764	28219	28515	6	1	0	NA	NA
1847	fasts1_1847	28752	28498	28759	6	0	0	NA	NA
1847	fasts1_1847	28734	28219	28498	6	1	0	NA	NA
1847	fasts1_1847	28721	28505	28524	6	1	0	NA	NA
1847	fasts1_1847	28710	28353	28494	6	1	1	NA	NA
1847	fasts1_1847	28704	28353	28489	6	0	1	NA	NA
1847	fasts1_1847	28687	28353	28341	6	0	1	NA	NA
1847	fasts1_1847	28685	28353	28686	6	1	0	NA	NA
1847	fasts1_1847	28682	28353	28686	6	1	0	NA	NA
1847	fasts1_1847	28654	28219	28353	6	1	0	NA	NA
1847	fasts1_1847	28605	28284	28545	6	1	0	NA	NA
1847	fasts1_1847	28600	28219	28284	6	1	0	NA	NA
1847	fasts1_1847	28592	28284	28299	6	1	0	NA	NA
1847	fasts1_1847	28540	28505	28573	9	1	0	NA	NA
1847	fasts1_1847	28521	28219	28505	9	1	0	NA	NA
2026	foblc1_2026	30083	29882	29891	6	1	0	NA	NA
2026	foblc1_2026	30082	29885	29891	6	1	0	NA	NA
2026	foblc1_2026	30081	29883	29891	6	1	0	NA	NA
2026	foblc1_2026	30080	29886	29887	6	1	0	NA	NA
2026	foblc1_2026	30079	29882	29886	6	1	0	NA	NA
2026	foblc1_2026	30078	29882	29887	6	1	0	NA	NA
2026	foblc1_2026	30077	29883	29884	6	1	0	NA	NA
2026	foblc1_2026	30076	29882	29883	6	1	0	NA	NA
2026	foblc1_2026	30075	29882	29885	6	1	0	NA	NA
2026	foblc1_2026	30074	29882	29888	6	1	0	NA	NA
2026	foblc1_2026	30073	29889	29890	6	1	0	NA	NA
2026	foblc1_2026	30072	29882	29889	6	1	0	NA	NA
1835	foloa1_1835	28484	28180	28221	6	0	1	NA	NA
1835	foloa1_1835	28456	28375	28531	6	1	0	NA	NA
1835	foloa1_1835	28424	28239	28503	6	0	0	NA	NA
1835	foloa1_1835	28414	28191	28496	9	1	0	NA	NA
1835	foloa1_1835	28394	28180	28475	9	1	0	NA	NA
1835	foloa1_1835	28345	28249	28441	9	0	0	NA	NA
1835	foloa1_1835	28296	28379	28382	6	0	0	NA	NA
1835	foloa1_1835	28293	28375	28379	6	0	0	NA	NA
1835	foloa1_1835	28292	28161	28375	6	0	0	NA	NA
1835	foloa1_1835	28287	28375	28379	6	0	0	NA	NA
1835	foloa1_1835	28285	28161	28375	6	1	1	NA	NA
1835	foloa1_1835	28282	28161	28375	6	1	1	NA	NA
1835	foloa1_1835	28251	28190	28348	9	1	0	NA	NA
1835	foloa1_1835	28230	28180	28300	6	1	0	NA	NA
1835	foloa1_1835	28219	28180	28307	9	1	0	NA	NA
1835	foloa1_1835	28214	28191	28313	6	1	0	NA	NA
1835	foloa1_1835	28198	28239	28249	6	1	0	NA	NA
1835	foloa1_1835	28197	28221	28239	6	1	0	NA	NA
1835	foloa1_1835	28195	28221	28239	6	1	0	NA	NA
1835	foloa1_1835	28191	28221	28249	6	1	0	NA	NA
1835	foloa1_1835	28185	28221	28249	6	1	1	NA	NA
1835	foloa1_1835	28174	28221	28254	6	1	1	NA	NA
1835	foloa1_1835	28172	28221	28249	6	1	0	NA	NA
1835	foloa1_1835	28169	28221	28239	6	0	0	NA	NA
1835	foloa1_1835	28142	28165	28235	6	0	0	NA	NA
1835	foloa1_1835	28136	28161	28180	9	1	1	NA	NA
1835	foloa1_1835	28135	28161	28221	6	1	1	NA	NA
1835	foloa1_1835	28124	28165	28177	6	0	0	NA	NA
1835	foloa1_1835	28118	28190	28191	6	1	0	NA	NA
1835	foloa1_1835	28116	28178	28191	9	1	0	NA	NA
1835	foloa1_1835	28115	28178	28190	9	1	0	NA	NA
1835	foloa1_1835	28112	28178	28190	9	1	0	NA	NA
1835	foloa1_1835	28111	28178	28191	6	1	0	NA	NA
1835	foloa1_1835	28109	28178	28191	9	1	0	NA	NA
1835	foloa1_1835	28100	28161	28178	9	1	1	NA	NA
1835	foloa1_1835	28090	28161	28165	6	0	0	NA	NA
1924	gagra1_1924	29712	29411	29416	6	1	0	NA	NA
1924	gagra1_1924	29710	29402	29409	6	1	0	NA	NA
1924	gagra1_1924	29709	29394	29421	6	0	0	NA	NA
1924	gagra1_1924	29708	29394	29407	6	1	0	NA	NA
1924	gagra1_1924	29706	29394	29411	6	1	0	NA	NA
1924	gagra1_1924	29704	29416	29421	6	1	0	NA	NA
1924	gagra1_1924	29703	29394	29409	6	1	0	NA	NA
1924	gagra1_1924	29702	29394	29406	6	1	0	NA	NA
1924	gagra1_1924	29701	29394	29406	6	1	0	NA	NA
1924	gagra1_1924	29700	29394	29404	6	1	0	NA	NA
1924	gagra1_1924	29699	29394	29402	6	1	0	NA	NA
1924	gagra1_1924	29698	29402	29404	6	1	0	NA	NA
1924	gagra1_1924	29697	29402	29404	6	1	0	NA	NA
1886	gicrt1_1886	29019	28679	28737	6	1	0	NA	NA
1886	gicrt1_1886	29009	28817	28934	6	0	0	NA	NA
1886	gicrt1_1886	28993	28746	28928	6	1	0	NA	NA
1886	gicrt1_1886	28992	28746	28929	6	1	0	NA	NA
1886	gicrt1_1886	28975	28679	28799	6	0	0	NA	NA
1886	gicrt1_1886	28960	28781	28817	6	0	0	NA	NA
1886	gicrt1_1886	28951	28762	28770	6	0	0	NA	NA
1886	gicrt1_1886	28947	28726	28781	6	0	0	NA	NA
1886	gicrt1_1886	28944	28762	28765	6	0	0	NA	NA
1886	gicrt1_1886	28938	28679	28765	6	0	0	NA	NA
1886	gicrt1_1886	28930	28679	28809	6	0	0	NA	NA
1886	gicrt1_1886	28915	28689	28857	6	1	1	NA	NA
1886	gicrt1_1886	28911	28833	28689	6	1	0	NA	NA
1886	gicrt1_1886	28826	28679	28746	6	1	0	NA	NA
1886	gicrt1_1886	28702	28726	28679	6	0	0	NA	NA
1886	gicrt1_1886	28675	28679	28689	6	1	0	NA	NA
1874	grstr1_1874	28913	28722	28837	9	0	0	NA	NA
1874	grstr1_1874	28889	28715	28722	9	1	0	NA	NA
1874	grstr1_1874	28760	28715	28750	9	1	0	NA	NA
1875	guakt1_1875	28681	28578	28713	6	1	0	NA	NA
1875	guakt1_1875	28658	28578	28696	9	1	0	NA	NA
1875	guakt1_1875	28647	28662	28683	6	1	0	NA	NA
1875	guakt1_1875	28638	28578	28675	9	1	0	NA	NA
1875	guakt1_1875	28629	28578	28662	6	1	0	NA	NA
1875	guakt1_1875	28613	28578	28643	6	1	0	NA	NA
1915	hahan1_1915	29558	29280	29285	6	0	0	NA	NA
1915	hahan1_1915	29557	29284	29285	6	1	0	NA	NA
1915	hahan1_1915	29556	29284	29267	6	0	1	NA	NA
1915	hahan1_1915	29555	29282	29283	6	1	0	NA	NA
1915	hahan1_1915	29553	29281	29267	6	1	1	NA	NA
1915	hahan1_1915	29554	29281	29282	6	1	0	NA	NA
1915	hahan1_1915	29552	29268	29280	6	1	0	NA	NA
1915	hahan1_1915	29544	29280	29267	6	1	1	NA	NA
1851	halid1_1851	28473	28242	28369	6	1	0	NA	NA
1851	halid1_1851	28471	28242	28540	6	1	0	NA	NA
1851	halid1_1851	28446	28242	28369	6	1	0	NA	NA
1851	halid1_1851	28445	28242	28518	6	1	0	NA	NA
1851	halid1_1851	28382	28242	28465	6	1	0	NA	NA
1851	halid1_1851	28352	28242	28369	6	1	0	NA	NA
1851	halid1_1851	28335	28242	28428	6	1	0	NA	NA
1851	halid1_1851	28283	28369	28242	6	0	0	NA	NA
1889	hawep1_1889	29172	28732	29009	6	1	0	NA	NA
1889	hawep1_1889	29117	28732	28999	6	0	0	NA	NA
1889	hawep1_1889	29105	28774	28840	6	1	0	NA	NA
1889	hawep1_1889	29091	28732	28906	6	0	0	NA	NA
1889	hawep1_1889	29090	28732	28840	6	1	0	NA	NA
1889	hawep1_1889	29088	28732	28757	6	1	0	NA	NA
1889	hawep1_1889	29086	28732	28932	6	1	0	NA	NA
1889	hawep1_1889	29083	28732	28941	6	1	0	NA	NA
1889	hawep1_1889	29075	28732	28924	6	1	0	NA	NA
1889	hawep1_1889	29070	28732	28774	6	1	0	NA	NA
1889	hawep1_1889	29067	28732	28901	6	1	0	NA	NA
1889	hawep1_1889	29058	28732	28946	6	0	0	NA	NA
1889	hawep1_1889	29055	28732	28793	6	0	0	NA	NA
1889	hawep1_1889	29051	28732	28818	6	0	0	NA	NA
1889	hawep1_1889	29048	28732	28890	6	0	0	NA	NA
1889	hawep1_1889	29035	28732	28856	6	0	0	NA	NA
1867	kabos1_1867	29817	28598	28507	6	1	0	NA	NA
1867	kabos1_1867	29816	28598	28517	9	0	0	NA	NA
1867	kabos1_1867	29815	28517	28481	6	0	0	NA	NA
1867	kabos1_1867	29814	28635	28474	6	0	0	NA	NA
1867	kabos1_1867	29813	28630	28474	6	1	0	NA	NA
1867	kabos1_1867	29812	28638	28474	6	0	0	NA	NA
1867	kabos1_1867	29811	28598	28481	6	1	0	NA	NA
1867	kabos1_1867	29810	28625	28507	6	1	0	NA	NA
1867	kabos1_1867	29809	28635	28630	6	0	0	NA	NA
1867	kabos1_1867	29808	28605	28598	9	0	0	NA	NA
1867	kabos1_1867	29807	28638	28481	6	0	0	NA	NA
1867	kabos1_1867	29806	28598	28625	6	1	0	NA	NA
1867	kabos1_1867	29805	28635	28525	6	1	0	NA	NA
1867	kabos1_1867	29804	28525	28517	9	1	0	NA	NA
1867	kabos1_1867	29803	28638	28605	6	1	0	NA	NA
1867	kabos1_1867	29802	28481	28598	6	1	0	NA	NA
1867	kabos1_1867	29801	28481	28474	6	1	0	NA	NA
1897	kajor1_1897	29301	28996	29019	6	1	1	NA	NA
1897	kajor1_1897	29251	28973	28948	6	1	1	NA	NA
1897	kajor1_1897	29250	28978	28948	6	1	1	NA	NA
1897	kajor1_1897	29248	28996	28948	6	1	1	NA	NA
1897	kajor1_1897	29246	29001	28948	6	1	1	NA	NA
1897	kajor1_1897	29244	29024	29019	6	1	1	NA	NA
1897	kajor1_1897	29243	29024	28948	6	1	1	NA	NA
1897	kajor1_1897	29242	29019	28948	6	1	1	NA	NA
1897	kajor1_1897	29240	29021	28948	6	1	1	NA	NA
1897	kajor1_1897	29235	28983	28948	6	0	1	NA	NA
1897	kajor1_1897	29234	28967	28948	9	0	1	NA	NA
1897	kajor1_1897	29233	29004	28948	9	0	1	NA	NA
1897	kajor1_1897	29227	28963	28948	9	0	1	NA	NA
1897	kajor1_1897	29228	28959	28948	9	0	1	NA	NA
1897	kajor1_1897	29229	29006	28948	9	0	1	NA	NA
1897	kajor1_1897	29222	28963	29035	9	1	0	NA	NA
1897	kajor1_1897	29221	28959	29035	9	1	0	NA	NA
1897	kajor1_1897	29219	29006	29035	9	1	0	NA	NA
1897	kajor1_1897	29218	29004	29035	9	1	0	NA	NA
1897	kajor1_1897	29217	28959	29035	6	1	0	NA	NA
1897	kajor1_1897	29216	28963	29035	6	1	0	NA	NA
1897	kajor1_1897	29215	29006	29035	6	1	0	NA	NA
1897	kajor1_1897	29214	29004	29035	6	1	0	NA	NA
1901	kelok1_1901	29798	29450	29449	6	1	1	NA	NA
1901	kelok1_1901	29797	29047	29450	6	1	1	NA	NA
1901	kelok1_1901	29787	29090	29040	6	1	0	NA	NA
1901	kelok1_1901	29786	29090	29040	6	1	0	NA	NA
1901	kelok1_1901	29785	29047	29040	6	1	0	NA	NA
1901	kelok1_1901	29784	29043	29449	6	1	1	NA	NA
1901	kelok1_1901	29779	29040	29043	6	1	1	NA	NA
1901	kelok1_1901	29780	29043	29047	6	1	0	NA	NA
1901	kelok1_1901	29776	29043	29047	6	1	0	NA	NA
1901	kelok1_1901	29767	29061	29120	6	1	1	NA	NA
1901	kelok1_1901	29766	29061	29040	6	1	0	NA	NA
1901	kelok1_1901	29765	29164	29066	6	1	0	NA	NA
1901	kelok1_1901	29763	29061	29084	6	1	1	NA	NA
1901	kelok1_1901	29762	29061	29149	6	1	1	NA	NA
1901	kelok1_1901	29761	29064	29066	6	1	1	NA	NA
1901	kelok1_1901	29737	29145	29064	6	1	0	NA	NA
1901	kelok1_1901	29736	29040	29064	6	1	0	NA	NA
1901	kelok1_1901	29733	29090	29040	6	1	0	NA	NA
1901	kelok1_1901	29732	29090	29040	6	1	0	NA	NA
1901	kelok1_1901	29731	29064	29149	6	1	1	NA	NA
1901	kelok1_1901	29728	29090	29041	6	1	1	NA	NA
1901	kelok1_1901	29723	29164	29090	6	1	0	NA	NA
1901	kelok1_1901	29718	29090	29164	6	1	1	NA	NA
1901	kelok1_1901	29717	29164	29090	6	1	0	NA	NA
1901	kelok1_1901	29716	29164	29090	6	1	0	NA	NA
1901	kelok1_1901	29715	29164	29040	6	1	0	NA	NA
1901	kelok1_1901	29711	29164	29090	6	1	1	NA	NA
1873	khpim1_1873	28816	28825	28587	6	1	1	NA	NA
1873	khpim1_1873	28772	28559	28579	6	1	0	NA	NA
1873	khpim1_1873	28770	28559	28587	6	1	0	NA	NA
1873	khpim1_1873	28769	28559	28682	6	1	0	NA	NA
1873	khpim1_1873	28733	28595	28628	6	1	1	NA	NA
1873	khpim1_1873	28731	28631	28628	6	1	1	NA	NA
1873	khpim1_1873	28729	28559	28628	6	1	0	NA	NA
1873	khpim1_1873	28724	28648	28565	6	1	1	NA	NA
1873	khpim1_1873	28723	28568	28648	6	1	0	NA	NA
1873	khpim1_1873	28720	28568	28565	6	1	1	NA	NA
1873	khpim1_1873	28719	28559	28565	6	1	0	NA	NA
1873	khpim1_1873	28715	28559	28711	6	1	0	NA	NA
1873	khpim1_1873	28711	28559	28582	6	1	0	NA	NA
1873	khpim1_1873	28708	28559	28661	6	0	0	NA	NA
1873	khpim1_1873	28707	28559	28652	6	0	0	NA	NA
1873	khpim1_1873	28703	28559	28661	6	1	0	NA	NA
1873	khpim1_1873	28698	28559	28602	6	1	0	NA	NA
1873	khpim1_1873	28691	28559	28697	6	0	0	NA	NA
1873	khpim1_1873	28688	28622	28697	6	1	1	NA	NA
1873	khpim1_1873	28683	28603	28697	6	1	1	NA	NA
1876	knban1_1876	28910	28693	28895	9	1	0	NA	NA
1876	knban1_1876	28811	28782	28693	6	0	0	NA	NA
1876	knban1_1876	28810	28693	28745	6	1	0	NA	NA
1876	knban1_1876	28778	28700	28782	6	1	0	NA	NA
1876	knban1_1876	28717	28693	28728	6	1	0	NA	NA
1909	kotek1_1909	29506	29201	29250	6	1	0	NA	NA
1909	kotek1_1909	29505	29243	29248	6	1	0	NA	NA
1909	kotek1_1909	29504	29202	29243	6	1	0	NA	NA
1909	kotek1_1909	29501	29201	29223	6	1	0	NA	NA
1909	kotek1_1909	29500	29223	29241	6	1	0	NA	NA
1909	kotek1_1909	29482	29223	29225	6	1	0	NA	NA
1909	kotek1_1909	29478	29221	29218	6	1	1	NA	NA
1909	kotek1_1909	29474	29201	29218	6	1	0	NA	NA
1909	kotek1_1909	29471	29215	29217	9	1	0	NA	NA
1909	kotek1_1909	29468	29201	29209	6	1	0	NA	NA
1909	kotek1_1909	29466	29201	29215	6	1	0	NA	NA
1909	kotek1_1909	29465	29201	29205	6	1	0	NA	NA
1909	kotek1_1909	29463	29201	29213	6	1	0	NA	NA
1909	kotek1_1909	29461	29201	29202	6	1	0	NA	NA
1909	kotek1_1909	29456	29205	29208	6	1	0	NA	NA
1909	kotek1_1909	29455	29202	29205	6	1	0	NA	NA
1898	lamig1_1898	29425	29017	29176	6	1	0	NA	NA
1898	lamig1_1898	29421	28975	29176	6	0	0	NA	NA
1898	lamig1_1898	29420	29172	29173	6	1	0	NA	NA
1898	lamig1_1898	29418	29133	29173	6	1	0	NA	NA
1898	lamig1_1898	29416	29171	29172	6	0	0	NA	NA
1898	lamig1_1898	29404	29165	29171	9	1	0	NA	NA
1898	lamig1_1898	29398	29102	29170	6	0	0	NA	NA
1898	lamig1_1898	29396	29170	28975	9	1	1	NA	NA
1898	lamig1_1898	29395	29032	29170	6	1	0	NA	NA
1898	lamig1_1898	29390	29166	29167	6	1	0	NA	NA
1898	lamig1_1898	29389	29165	29166	6	0	0	NA	NA
1898	lamig1_1898	29388	28975	29165	6	1	0	NA	NA
1898	lamig1_1898	29303	29049	28975	9	0	1	NA	NA
1898	lamig1_1898	29360	29049	29133	6	1	0	NA	NA
1898	lamig1_1898	29355	29017	29133	6	1	0	NA	NA
1898	lamig1_1898	29296	29032	29102	6	0	0	NA	NA
1898	lamig1_1898	29241	28975	29032	9	1	0	NA	NA
1854	lesol1_1854	28291	28286	28334	6	0	1	NA	NA
1854	lesol1_1854	28289	28286	28334	6	1	0	NA	NA
1854	lesol1_1854	28280	28271	28281	6	0	0	NA	NA
1854	lesol1_1854	28279	28271	28286	6	0	1	NA	NA
1854	lesol1_1854	28277	28277	28334	6	1	1	NA	NA
1854	lesol1_1854	28255	28326	28271	6	1	1	NA	NA
1854	lesol1_1854	28258	28271	28277	6	0	1	NA	NA
1854	lesol1_1854	28253	28271	28310	6	1	1	NA	NA
1854	lesol1_1854	28247	28271	28304	6	1	1	NA	NA
1902	makgd1_1902	29306	29053	29065	6	1	1	NA	NA
1902	makgd1_1902	29305	29053	29074	6	1	1	NA	NA
1902	makgd1_1902	29304	29053	29082	6	1	1	NA	NA
1902	makgd1_1902	29302	29053	29067	6	1	0	NA	NA
1902	makgd1_1902	29300	29053	29081	6	1	1	NA	NA
1902	makgd1_1902	29299	29053	29068	6	1	1	NA	NA
1902	makgd1_1902	29298	29053	29060	6	1	1	NA	NA
1902	makgd1_1902	29295	29053	29062	6	1	1	NA	NA
1902	makgd1_1902	29293	29053	29070	6	1	1	NA	NA
1902	makgd1_1902	29290	29053	29062	6	1	0	NA	NA
1902	makgd1_1902	29287	29053	29065	6	1	0	NA	NA
1902	makgd1_1902	29284	29053	29065	6	1	0	NA	NA
1902	makgd1_1902	29278	29053	29065	6	1	0	NA	NA
1902	makgd1_1902	29277	29053	29065	6	1	0	NA	NA
1902	makgd1_1902	29273	29068	29074	6	1	0	NA	NA
1902	makgd1_1902	29271	29060	29065	6	1	0	NA	NA
1902	makgd1_1902	29267	29062	29070	6	1	0	NA	NA
1870	maloj1_1870	28588	28521	28558	6	1	0	NA	NA
1870	maloj1_1870	28586	28539	28569	6	0	0	NA	NA
1870	maloj1_1870	28585	28501	28569	6	0	0	NA	NA
1870	maloj1_1870	28583	28501	28539	6	0	0	NA	NA
1870	maloj1_1870	28579	28551	28563	9	1	0	NA	NA
1870	maloj1_1870	28577	28501	28563	6	1	0	NA	NA
1870	maloj1_1870	28574	28501	28530	9	0	0	NA	NA
1870	maloj1_1870	28570	28530	28550	6	0	0	NA	NA
1870	maloj1_1870	28566	28501	28558	6	1	0	NA	NA
1870	maloj1_1870	28563	28532	28550	6	0	0	NA	NA
1870	maloj1_1870	28561	28501	28532	9	0	0	NA	NA
1870	maloj1_1870	28555	28501	28521	6	1	0	NA	NA
1870	maloj1_1870	28549	28521	28551	9	1	0	NA	NA
1907	maphr1_1907	29446	29183	29187	6	0	0	NA	NA
1907	maphr1_1907	29444	29186	29188	6	1	1	NA	NA
1907	maphr1_1907	29443	29186	29189	6	1	0	NA	NA
1907	maphr1_1907	29442	29182	29187	6	1	0	NA	NA
1907	maphr1_1907	29441	29182	29186	6	1	0	NA	NA
1907	maphr1_1907	29440	29182	29185	6	1	1	NA	NA
1907	maphr1_1907	29439	29182	29184	6	0	0	NA	NA
1907	maphr1_1907	29438	29182	29183	6	1	0	NA	NA
1899	matea1_1899	29378	29015	29153	6	1	0	NA	NA
1899	matea1_1899	29377	29153	29156	6	1	0	NA	NA
1899	matea1_1899	29376	29153	29158	6	1	0	NA	NA
1899	matea1_1899	29352	29015	29129	9	1	1	NA	NA
1899	matea1_1899	29351	29027	29129	9	1	1	NA	NA
1899	matea1_1899	29348	29023	29129	9	1	1	NA	NA
1899	matea1_1899	29347	29023	29027	9	1	0	NA	NA
1899	matea1_1899	29334	29069	29015	6	1	1	NA	NA
1899	matea1_1899	29327	29063	29015	6	1	1	NA	NA
1899	matea1_1899	29320	29063	29069	6	1	0	NA	NA
1899	matea1_1899	29288	29015	29044	9	1	0	NA	NA
1899	matea1_1899	29281	29015	29076	6	1	0	NA	NA
1899	matea1_1899	29274	29091	29058	9	0	1	NA	NA
1899	matea1_1899	29272	29091	29051	9	0	1	NA	NA
1899	matea1_1899	29266	29091	29048	9	0	1	NA	NA
1899	matea1_1899	29260	29039	29048	6	0	0	NA	NA
1899	matea1_1899	29258	29039	29051	6	0	0	NA	NA
1899	matea1_1899	29255	29039	29058	6	0	0	NA	NA
1899	matea1_1899	29253	29039	29015	6	0	1	NA	NA
1857	mcino1_1857	28544	28429	28435	6	1	1	NA	NA
1857	mcino1_1857	28536	28429	28435	6	1	1	NA	NA
1857	mcino1_1857	28529	28567	28471	6	1	1	NA	NA
1857	mcino1_1857	28523	28381	28567	6	1	1	NA	NA
1857	mcino1_1857	28502	28381	28567	6	1	0	NA	NA
1857	mcino1_1857	28489	28322	28553	6	1	0	NA	NA
1857	mcino1_1857	28474	28322	28544	6	1	0	NA	NA
1857	mcino1_1857	28457	28407	28471	6	1	0	NA	NA
1857	mcino1_1857	28449	28471	28508	6	1	0	NA	NA
1857	mcino1_1857	28430	28381	28508	6	1	1	NA	NA
1857	mcino1_1857	28409	28486	28493	6	1	0	NA	NA
1857	mcino1_1857	28404	28322	28486	6	0	0	NA	NA
1857	mcino1_1857	28390	28456	28471	6	1	0	NA	NA
1857	mcino1_1857	28365	28322	28456	6	0	0	NA	NA
1857	mcino1_1857	28349	28429	28435	6	1	0	NA	NA
1857	mcino1_1857	28333	28322	28429	9	0	0	NA	NA
1857	mcino1_1857	28313	28381	28420	9	0	0	NA	NA
1857	mcino1_1857	28300	28381	28407	6	0	0	NA	NA
1857	mcino1_1857	28281	28322	28381	6	1	0	NA	NA
1857	mcino1_1857	28261	28338	28360	9	1	0	NA	NA
1857	mcino1_1857	28243	28322	28338	6	1	0	NA	NA
1866	mecop1_1866	28749	28438	28755	6	1	0	NA	NA
1866	mecop1_1866	28728	28438	28738	6	1	0	NA	NA
1866	mecop1_1866	28695	28438	28725	6	1	0	NA	NA
1866	mecop1_1866	28665	28438	28698	9	0	0	NA	NA
1866	mecop1_1866	28648	28438	28687	9	1	0	NA	NA
1866	mecop1_1866	28631	28641	28664	6	1	0	NA	NA
1866	mecop1_1866	28609	28651	28641	6	1	1	NA	NA
1866	mecop1_1866	28591	28438	28641	6	1	0	NA	NA
1866	mecop1_1866	28560	28555	28617	6	1	0	NA	NA
1866	mecop1_1866	28491	28438	28555	6	1	0	NA	NA
1866	mecop1_1866	28467	28453	28536	6	1	0	NA	NA
1866	mecop1_1866	28447	28514	28499	6	1	1	NA	NA
1866	mecop1_1866	28426	28438	28499	6	0	0	NA	NA
1866	mecop1_1866	28392	28438	28453	6	1	0	NA	NA
1839	melia1_1839	28506	28280	28564	6	1	0	NA	NA
1839	melia1_1839	28504	28301	28564	6	1	0	NA	NA
1839	melia1_1839	28501	28185	28564	6	1	1	NA	NA
1839	melia1_1839	28436	28280	28506	6	1	0	NA	NA
1839	melia1_1839	28395	28226	28245	6	1	0	NA	NA
1839	melia1_1839	28376	28185	28339	6	1	1	NA	NA
1839	melia1_1839	28366	28226	28232	6	1	0	NA	NA
1839	melia1_1839	28358	28185	28280	6	0	1	NA	NA
1839	melia1_1839	28351	28185	28232	6	0	1	NA	NA
1839	melia1_1839	28342	28211	28224	6	1	0	NA	NA
1839	melia1_1839	28334	28185	28224	6	1	1	NA	NA
1836	moaah1_1836	28139	28208	28175	6	1	1	NA	NA
1836	moaah1_1836	28183	28187	28204	6	1	1	NA	NA
1836	moaah1_1836	28177	28187	28179	6	1	1	NA	NA
1836	moaah1_1836	28164	28184	28193	6	1	0	NA	NA
1836	moaah1_1836	28162	28168	28193	6	1	0	NA	NA
1836	moaah1_1836	28160	28179	28187	6	1	0	NA	NA
1836	moaah1_1836	28159	28184	28187	6	1	0	NA	NA
1836	moaah1_1836	28158	28168	28187	6	1	0	NA	NA
1836	moaah1_1836	28157	28179	28184	6	1	0	NA	NA
1836	moaah1_1836	28156	28170	28184	6	1	1	NA	NA
1836	moaah1_1836	28153	28168	28184	6	1	0	NA	NA
1836	moaah1_1836	28152	28179	28204	6	1	0	NA	NA
1836	moaah1_1836	28150	28179	28198	6	0	0	NA	NA
1836	moaah1_1836	28149	28168	28179	6	1	0	NA	NA
1836	moaah1_1836	28147	28168	28198	6	1	0	NA	NA
1836	moaah1_1836	28146	28168	28197	6	1	0	NA	NA
1836	moaah1_1836	28145	28168	28175	6	1	0	NA	NA
1836	moaah1_1836	28137	28168	28208	6	1	0	NA	NA
1836	moaah1_1836	28132	28176	28168	6	1	0	NA	NA
1926	moglj1_1926	29629	29366	29369	6	1	0	NA	NA
1926	moglj1_1926	29627	29366	29367	6	1	0	NA	NA
1926	moglj1_1926	29626	29303	29366	6	1	0	NA	NA
1926	moglj1_1926	29622	29317	29361	6	1	0	NA	NA
1926	moglj1_1926	29621	29314	29356	6	1	0	NA	NA
1926	moglj1_1926	29618	29313	29314	6	1	0	NA	NA
1926	moglj1_1926	29613	29311	29313	9	1	0	NA	NA
1926	moglj1_1926	29583	29316	29303	9	1	1	NA	NA
1926	moglj1_1926	29586	29317	29303	9	1	1	NA	NA
1926	moglj1_1926	29607	29317	29316	6	1	0	NA	NA
1926	moglj1_1926	29592	29329	29309	6	1	0	NA	NA
1926	moglj1_1926	29591	29320	29321	6	0	0	NA	NA
1926	moglj1_1926	29590	29303	29320	6	1	0	NA	NA
1926	moglj1_1926	29589	29303	29320	6	1	0	NA	NA
1926	moglj1_1926	29588	29306	29319	6	0	0	NA	NA
1926	moglj1_1926	29587	29316	29318	9	1	0	NA	NA
1926	moglj1_1926	29581	29303	29314	9	1	0	NA	NA
1926	moglj1_1926	29579	29303	29313	9	1	0	NA	NA
1926	moglj1_1926	29578	29306	29303	6	0	1	NA	NA
1926	moglj1_1926	29577	29303	29311	9	1	0	NA	NA
1926	moglj1_1926	29574	29303	29309	6	1	1	NA	NA
1904	mojoa1_1904	29370	29092	29146	9	1	0	NA	NA
1904	mojoa1_1904	29369	29097	29150	6	0	0	NA	NA
1904	mojoa1_1904	29343	29079	29097	6	1	0	NA	NA
1904	mojoa1_1904	29335	29079	29103	6	0	0	NA	NA
1904	mojoa1_1904	29314	29079	29101	6	1	0	NA	NA
1904	mojoa1_1904	29297	29079	29092	6	1	0	NA	NA
1846	nabiq1_1846	28299	28332	28402	6	1	0	NA	NA
1846	nabiq1_1846	28262	28357	28358	6	1	0	NA	NA
1846	nabiq1_1846	28260	28216	28358	6	1	0	NA	NA
1846	nabiq1_1846	28246	28216	28292	6	1	0	NA	NA
1846	nabiq1_1846	28245	28216	28332	6	1	0	NA	NA
1846	nabiq1_1846	28244	28227	28344	6	1	0	NA	NA
1846	nabiq1_1846	28237	28227	28332	6	1	0	NA	NA
1846	nabiq1_1846	28234	28324	28332	6	1	0	NA	NA
1846	nabiq1_1846	28222	28238	28292	6	1	0	NA	NA
1846	nabiq1_1846	28193	28238	28263	6	1	0	NA	NA
1846	nabiq1_1846	28187	28225	28263	6	1	0	NA	NA
1931	nnpop1_1931	29680	29384	29391	6	0	0	NA	NA
1931	nnpop1_1931	29679	29384	29390	6	0	0	NA	NA
1931	nnpop1_1931	29678	29384	29389	6	0	0	NA	NA
1931	nnpop1_1931	29668	29384	29388	6	1	0	NA	NA
1931	nnpop1_1931	29666	29384	29387	6	1	0	NA	NA
1931	nnpop1_1931	29654	29384	29386	6	1	0	NA	NA
1931	nnpop1_1931	29653	29384	29385	6	1	0	NA	NA
1894	nxumv1_1894	29185	28903	28998	6	1	0	NA	NA
1894	nxumv1_1894	29177	28903	28976	6	1	0	NA	NA
1894	nxumv1_1894	29176	28903	28976	6	1	0	NA	NA
1894	nxumv1_1894	29175	28903	28976	6	1	0	NA	NA
1894	nxumv1_1894	29173	28903	28976	6	1	0	NA	NA
1894	nxumv1_1894	29171	28903	28976	6	1	0	NA	NA
1894	nxumv1_1894	29170	28903	28976	6	1	0	NA	NA
1894	nxumv1_1894	29169	28903	28976	6	1	0	NA	NA
1894	nxumv1_1894	29168	28903	28976	6	1	0	NA	NA
1894	nxumv1_1894	29167	28903	28976	6	1	0	NA	NA
1894	nxumv1_1894	29160	28903	28976	6	1	0	NA	NA
1894	nxumv1_1894	29159	28903	28976	6	1	0	NA	NA
1894	nxumv1_1894	29158	28903	28976	6	1	0	NA	NA
1894	nxumv1_1894	29154	28961	28972	6	1	0	NA	NA
1894	nxumv1_1894	29153	28986	28993	6	1	0	NA	NA
1894	nxumv1_1894	29148	28976	28986	6	1	0	NA	NA
1894	nxumv1_1894	29147	28903	28976	6	1	0	NA	NA
1894	nxumv1_1894	29146	28903	28976	6	1	0	NA	NA
1894	nxumv1_1894	29145	28903	28976	6	1	0	NA	NA
1894	nxumv1_1894	29144	28903	28976	6	1	0	NA	NA
1894	nxumv1_1894	29143	28903	28976	6	1	0	NA	NA
1894	nxumv1_1894	29142	28903	28976	6	1	0	NA	NA
1894	nxumv1_1894	29141	28903	28976	6	1	0	NA	NA
1894	nxumv1_1894	29140	28903	28976	6	1	0	NA	NA
1894	nxumv1_1894	29139	28903	28976	6	1	0	NA	NA
1894	nxumv1_1894	29138	28903	28976	6	1	0	NA	NA
1894	nxumv1_1894	29137	28903	28976	6	1	0	NA	NA
1894	nxumv1_1894	29136	28903	28976	6	1	0	NA	NA
1894	nxumv1_1894	29135	28903	28976	6	1	0	NA	NA
1894	nxumv1_1894	29134	28903	28976	6	1	0	NA	NA
1894	nxumv1_1894	29132	28903	28976	6	1	0	NA	NA
1894	nxumv1_1894	29121	28903	28961	6	1	0	NA	NA
1894	nxumv1_1894	29045	28936	28938	6	1	0	NA	NA
1894	nxumv1_1894	29044	28930	28936	6	1	0	NA	NA
1894	nxumv1_1894	29043	28919	28936	6	1	0	NA	NA
1894	nxumv1_1894	29040	28930	28936	6	1	0	NA	NA
1894	nxumv1_1894	29039	28930	28938	6	1	0	NA	NA
1894	nxumv1_1894	29033	28903	28930	6	1	0	NA	NA
1894	nxumv1_1894	29028	28930	28936	6	1	1	NA	NA
1894	nxumv1_1894	29022	28936	28938	9	1	1	NA	NA
1894	nxumv1_1894	29020	28930	28936	6	1	0	NA	NA
1894	nxumv1_1894	29018	28919	28930	6	1	0	NA	NA
1900	nyrea1_1900	29366	29030	29151	6	1	0	NA	NA
1900	nyrea1_1900	29365	29054	29151	6	1	0	NA	NA
1900	nyrea1_1900	29363	29114	29117	6	1	0	NA	NA
1900	nyrea1_1900	29362	29056	29057	6	1	0	NA	NA
1900	nyrea1_1900	29361	29030	29132	6	1	0	NA	NA
1900	nyrea1_1900	29356	29096	29136	6	1	0	NA	NA
1900	nyrea1_1900	29354	29071	29104	6	1	0	NA	NA
1900	nyrea1_1900	29350	29030	29136	6	1	0	NA	NA
1900	nyrea1_1900	29349	29030	29140	6	1	0	NA	NA
1900	nyrea1_1900	29339	29059	29089	6	1	0	NA	NA
1900	nyrea1_1900	29338	29087	29089	6	1	0	NA	NA
1900	nyrea1_1900	29333	29030	29119	6	1	0	NA	NA
1900	nyrea1_1900	29332	29030	29104	6	1	0	NA	NA
1900	nyrea1_1900	29331	29030	29096	6	1	0	NA	NA
1900	nyrea1_1900	29330	29030	29117	6	1	0	NA	NA
1900	nyrea1_1900	29329	29030	29114	6	1	0	NA	NA
1900	nyrea1_1900	29328	29030	29115	6	1	0	NA	NA
1900	nyrea1_1900	29326	29030	29116	6	1	0	NA	NA
1900	nyrea1_1900	29325	29030	29087	6	1	0	NA	NA
1900	nyrea1_1900	29324	29030	29089	6	1	0	NA	NA
1900	nyrea1_1900	29323	29030	29059	6	1	0	NA	NA
1900	nyrea1_1900	29322	29030	29057	6	1	0	NA	NA
1900	nyrea1_1900	29321	29030	29056	6	1	0	NA	NA
1900	nyrea1_1900	29319	29030	29071	6	1	0	NA	NA
1900	nyrea1_1900	29318	29030	29106	6	1	0	NA	NA
1900	nyrea1_1900	29317	29030	29111	6	1	0	NA	NA
1900	nyrea1_1900	29316	29030	29054	6	1	0	NA	NA
1900	nyrea1_1900	29313	29030	29045	6	1	0	NA	NA
1900	nyrea1_1900	29312	29030	29110	6	1	0	NA	NA
1900	nyrea1_1900	29310	29030	29113	6	1	0	NA	NA
1900	nyrea1_1900	29309	29030	29107	6	1	0	NA	NA
1900	nyrea1_1900	29207	29030	29034	6	1	0	NA	NA
1861	pabit1_1861	28942	28788	28916	6	0	1	NA	NA
1861	pabit1_1861	28888	28868	28875	6	1	1	NA	NA
1861	pabit1_1861	28865	28366	28868	6	1	0	NA	NA
1861	pabit1_1861	28794	28788	28796	6	1	1	NA	NA
1861	pabit1_1861	28780	28788	28366	6	1	1	NA	NA
1861	pabit1_1861	28761	28724	28751	9	0	1	NA	NA
1861	pabit1_1861	28730	28733	28724	6	1	1	NA	NA
1861	pabit1_1861	28706	28366	28724	6	1	0	NA	NA
1861	pabit1_1861	28669	28685	28366	6	0	1	NA	NA
1861	pabit1_1861	28636	28385	28656	6	0	0	NA	NA
1861	pabit1_1861	28597	28620	28385	6	1	1	NA	NA
1861	pabit1_1861	28539	28591	28571	6	0	1	NA	NA
1861	pabit1_1861	28534	28591	28385	6	1	1	NA	NA
1861	pabit1_1861	28327	28385	28366	6	1	1	NA	NA
1834	palof1_1834	28517	28158	28580	6	0	0	NA	NA
1834	palof1_1834	28500	28533	28548	6	1	1	NA	NA
1834	palof1_1834	28498	28533	28566	6	0	1	NA	NA
1834	palof1_1834	28469	28158	28533	6	1	0	NA	NA
1834	palof1_1834	28425	28457	28495	6	0	1	NA	NA
1834	palof1_1834	28402	28457	28482	6	1	1	NA	NA
1834	palof1_1834	28381	28158	28457	6	1	0	NA	NA
1834	palof1_1834	28330	28417	28422	6	1	1	NA	NA
1834	palof1_1834	28317	28231	28417	6	1	1	NA	NA
1834	palof1_1834	28275	28279	28361	6	1	1	NA	NA
1834	palof1_1834	28216	28231	28279	6	1	1	NA	NA
1834	palof1_1834	28190	28231	28261	6	1	0	NA	NA
1834	palof1_1834	28154	28158	28231	6	0	0	NA	NA
1834	palof1_1834	28108	28163	28199	6	1	1	NA	NA
1834	palof1_1834	28107	28163	28201	6	1	1	NA	NA
1834	palof1_1834	28096	28158	28163	6	1	0	NA	NA
1885	pebim1_1885	29063	28677	28872	6	1	0	NA	NA
1885	pebim1_1885	29027	28842	28846	9	0	0	NA	NA
1885	pebim1_1885	29016	28677	28842	6	1	0	NA	NA
1885	pebim1_1885	29015	28832	28874	9	0	0	NA	NA
1885	pebim1_1885	29012	28677	28832	6	1	0	NA	NA
1885	pebim1_1885	29011	28820	28887	6	1	0	NA	NA
1885	pebim1_1885	29008	28827	28877	6	0	0	NA	NA
1885	pebim1_1885	29006	28677	28827	6	1	0	NA	NA
1885	pebim1_1885	29004	28677	28820	6	1	0	NA	NA
1885	pebim1_1885	29003	28677	28883	6	1	0	NA	NA
1885	pebim1_1885	28999	28677	28839	6	1	0	NA	NA
1885	pebim1_1885	28997	28858	28870	6	1	0	NA	NA
1885	pebim1_1885	28994	28677	28870	6	0	0	NA	NA
1885	pebim1_1885	28990	28843	28854	6	1	0	NA	NA
1885	pebim1_1885	28983	28843	28846	6	1	0	NA	NA
1885	pebim1_1885	28981	28677	28843	9	0	0	NA	NA
1885	pebim1_1885	28976	28677	28843	6	0	0	NA	NA
1868	pebrt1_1868	28709	28510	28541	6	0	0	NA	NA
1868	pebrt1_1868	28699	28450	28561	6	1	0	NA	NA
1868	pebrt1_1868	28697	28450	28556	6	1	0	NA	NA
1868	pebrt1_1868	28670	28606	28468	6	1	1	NA	NA
1868	pebrt1_1868	28666	28450	28606	6	1	0	NA	NA
1868	pebrt1_1868	28616	28583	28650	6	1	1	NA	NA
1868	pebrt1_1868	28611	28583	28650	6	1	0	NA	NA
1868	pebrt1_1868	28587	28477	28583	6	1	0	NA	NA
1868	pebrt1_1868	28558	28611	28461	6	1	1	NA	NA
1868	pebrt1_1868	28556	28450	28611	6	1	0	NA	NA
1868	pebrt1_1868	28476	28450	28541	9	1	0	NA	NA
1868	pebrt1_1868	28459	28450	28461	6	1	0	NA	NA
1868	pebrt1_1868	28454	28477	28510	6	1	0	NA	NA
1868	pebrt1_1868	28437	28450	28468	6	1	0	NA	NA
1868	pebrt1_1868	28435	28450	28461	6	1	0	NA	NA
1868	pebrt1_1868	28428	28450	28477	6	1	0	NA	NA
1824	peviw1_1824	28040	28026	28037	6	0	0	NA	NA
1824	peviw1_1824	28039	28037	28047	6	0	0	NA	NA
1824	peviw1_1824	28038	28034	28048	6	0	0	NA	NA
1824	peviw1_1824	28037	28062	28074	6	0	0	NA	NA
1824	peviw1_1824	28033	28037	28074	6	0	0	NA	NA
1824	peviw1_1824	28032	28026	28034	6	1	0	NA	NA
1824	peviw1_1824	28031	28021	28034	6	1	0	NA	NA
1824	peviw1_1824	28030	28021	28026	9	1	0	NA	NA
1824	peviw1_1824	28006	28045	28060	6	0	0	NA	NA
1824	peviw1_1824	28003	28022	28026	6	1	0	NA	NA
1824	peviw1_1824	28001	28021	28022	6	1	0	NA	NA
1824	peviw1_1824	27999	28026	28033	6	1	0	NA	NA
1824	peviw1_1824	27996	28026	28033	6	1	0	NA	NA
1824	peviw1_1824	27995	28026	28030	6	1	0	NA	NA
1824	peviw1_1824	27993	28026	28028	6	1	0	NA	NA
1824	peviw1_1824	27992	28026	28029	6	1	0	NA	NA
1824	peviw1_1824	27990	28022	28023	6	1	0	NA	NA
1824	peviw1_1824	27989	28025	28028	6	1	0	NA	NA
1824	peviw1_1824	27988	28025	28027	6	1	0	NA	NA
1824	peviw1_1824	27986	28022	28025	6	1	0	NA	NA
1824	peviw1_1824	27983	28022	28024	6	1	0	NA	NA
1824	peviw1_1824	27982	28022	28024	6	1	0	NA	NA
1824	peviw1_1824	27981	28034	28037	6	0	0	NA	NA
1824	peviw1_1824	27979	28034	28047	6	0	0	NA	NA
1824	peviw1_1824	27978	28035	28041	6	0	0	NA	NA
1824	peviw1_1824	27976	28045	28056	6	0	0	NA	NA
1824	peviw1_1824	27973	28056	28062	6	1	0	NA	NA
1824	peviw1_1824	27972	28056	28062	6	1	0	NA	NA
1824	peviw1_1824	27971	28056	28062	6	1	0	NA	NA
1824	peviw1_1824	27970	28056	28062	6	0	0	NA	NA
1824	peviw1_1824	27969	28048	28056	6	0	0	NA	NA
1824	peviw1_1824	27968	28045	28060	6	0	0	NA	NA
1824	peviw1_1824	27967	28035	28045	6	0	0	NA	NA
1824	peviw1_1824	27966	28021	28034	6	1	0	NA	NA
1824	peviw1_1824	27964	28021	28022	6	1	0	NA	NA
1824	peviw1_1824	27963	28021	28048	6	1	0	NA	NA
1824	peviw1_1824	27959	28021	28045	6	1	0	NA	NA
1838	pibrr1_1838	28510	28487	28572	6	0	0	NA	NA
1838	pibrr1_1838	28505	28174	28572	9	1	0	NA	NA
1838	pibrr1_1838	28480	28248	28549	6	1	1	NA	NA
1838	pibrr1_1838	28466	28217	28535	9	1	0	NA	NA
1838	pibrr1_1838	28451	28410	28526	6	1	1	NA	NA
1838	pibrr1_1838	28442	28469	28513	6	1	1	NA	NA
1838	pibrr1_1838	28440	28446	28513	6	1	0	NA	NA
1838	pibrr1_1838	28421	28431	28497	6	1	1	NA	NA
1838	pibrr1_1838	28407	28487	28217	6	0	1	NA	NA
1838	pibrr1_1838	28405	28487	28469	6	0	1	NA	NA
1838	pibrr1_1838	28393	28446	28469	6	1	1	NA	NA
1838	pibrr1_1838	28364	28174	28446	6	1	0	NA	NA
1838	pibrr1_1838	28341	28248	28431	6	1	1	NA	NA
1838	pibrr1_1838	28336	28410	28431	6	1	0	NA	NA
1838	pibrr1_1838	28307	28371	28410	6	1	0	NA	NA
1838	pibrr1_1838	28305	28248	28410	6	1	0	NA	NA
1838	pibrr1_1838	28278	28371	28248	6	1	1	NA	NA
1838	pibrr1_1838	28272	28217	28371	6	1	1	NA	NA
1838	pibrr1_1838	28235	28217	28314	9	1	1	NA	NA
1838	pibrr1_1838	28208	28217	28291	9	1	1	NA	NA
1838	pibrr1_1838	28165	28174	28217	9	1	0	NA	NA
1838	pibrr1_1838	28163	28174	28248	6	1	0	NA	NA
1838	pibrr1_1838	28140	28174	28217	6	1	0	NA	NA
1969	prloj1_1969	29960	29621	29644	6	1	0	NA	NA
1969	prloj1_1969	29959	29640	29643	6	0	0	NA	NA
1969	prloj1_1969	29958	29621	29643	6	1	0	NA	NA
1969	prloj1_1969	29955	29634	29640	6	1	0	NA	NA
1969	prloj1_1969	29953	29619	29639	6	1	0	NA	NA
1969	prloj1_1969	29952	29635	29636	6	0	0	NA	NA
1969	prloj1_1969	29951	29620	29636	6	1	0	NA	NA
1969	prloj1_1969	29950	29619	29635	6	1	1	NA	NA
1969	prloj1_1969	29949	29619	29635	6	1	0	NA	NA
1969	prloj1_1969	29948	29619	29633	6	0	0	NA	NA
1969	prloj1_1969	29947	29633	29634	6	0	0	NA	NA
1969	prloj1_1969	29946	29621	29631	6	1	0	NA	NA
1969	prloj1_1969	29945	29605	29621	6	1	0	NA	NA
1969	prloj1_1969	29944	29605	29620	6	1	0	NA	NA
1969	prloj1_1969	29942	29605	29620	6	0	0	NA	NA
1969	prloj1_1969	29941	29619	29620	6	0	0	NA	NA
1969	prloj1_1969	29939	29621	29624	6	1	1	NA	NA
1925	rahut1_1925	29594	29299	29296	6	1	0	NA	NA
1925	rahut1_1925	29593	29299	29334	6	1	0	NA	NA
1925	rahut1_1925	29582	29308	29315	6	1	0	NA	NA
1925	rahut1_1925	29580	29312	29307	6	0	0	NA	NA
1925	rahut1_1925	29576	29297	29310	9	1	0	NA	NA
1925	rahut1_1925	29573	29304	29308	6	1	0	NA	NA
1925	rahut1_1925	29572	29304	29307	6	1	0	NA	NA
1925	rahut1_1925	29571	29300	29297	6	1	0	NA	NA
1925	rahut1_1925	29570	29299	29298	6	1	0	NA	NA
1925	rahut1_1925	29569	29299	29296	6	1	0	NA	NA
1925	rahut1_1925	29568	29301	29304	6	0	0	NA	NA
1925	rahut1_1925	29567	29300	29296	9	1	0	NA	NA
1925	rahut1_1925	29566	29301	29298	6	1	0	NA	NA
1850	ranor1_1850	28220	28294	28234	6	1	1	NA	NA
1850	ranor1_1850	28233	28287	28234	6	1	1	NA	NA
1850	ranor1_1850	28379	28234	28463	6	1	0	NA	NA
1850	ranor1_1850	28361	28272	28439	6	1	0	NA	NA
1850	ranor1_1850	28350	28234	28439	6	1	0	NA	NA
1850	ranor1_1850	28348	28272	28439	6	1	0	NA	NA
1850	ranor1_1850	28321	28294	28316	6	0	0	NA	NA
1850	ranor1_1850	28315	28343	28345	6	0	0	NA	NA
1850	ranor1_1850	28312	28343	28349	6	0	0	NA	NA
1850	ranor1_1850	28309	28343	28349	6	0	0	NA	NA
1850	ranor1_1850	28306	28257	28413	6	0	0	NA	NA
1850	ranor1_1850	28303	28234	28413	6	1	0	NA	NA
1850	ranor1_1850	28298	28257	28398	6	1	0	NA	NA
1850	ranor1_1850	28297	28257	28388	6	1	0	NA	NA
1850	ranor1_1850	28294	28388	28398	6	1	0	NA	NA
1850	ranor1_1850	28252	28234	28343	6	1	0	NA	NA
1850	ranor1_1850	28250	28343	28349	6	0	0	NA	NA
1850	ranor1_1850	28249	28343	28345	6	1	0	NA	NA
1850	ranor1_1850	28232	28234	28278	6	1	0	NA	NA
1850	ranor1_1850	28231	28278	28283	6	1	0	NA	NA
1850	ranor1_1850	28228	28234	28283	6	1	0	NA	NA
1850	ranor1_1850	28226	28234	28305	6	1	0	NA	NA
1850	ranor1_1850	28223	28272	28305	6	1	0	NA	NA
1850	ranor1_1850	28218	28294	28316	6	1	0	NA	NA
1850	ranor1_1850	28178	28272	28234	9	1	1	NA	NA
1850	ranor1_1850	28167	28257	28234	6	1	1	NA	NA
1826	rimia1_1826	28080	28038	28144	6	1	0	NA	NA
1826	rimia1_1826	28078	28144	28049	6	1	0	NA	NA
1826	rimia1_1826	28079	28044	28144	6	1	0	NA	NA
1826	rimia1_1826	28077	28042	28144	6	1	0	NA	NA
1826	rimia1_1826	28020	28053	28051	6	1	0	NA	NA
1826	rimia1_1826	28017	28051	28053	6	1	0	NA	NA
1826	rimia1_1826	28016	28051	28053	6	1	0	NA	NA
1826	rimia1_1826	28005	28061	28067	6	1	0	NA	NA
1826	rimia1_1826	28000	28053	28051	9	0	0	NA	NA
1826	rimia1_1826	27998	28066	28067	6	0	0	NA	NA
1826	rimia1_1826	27997	28038	28061	6	0	0	NA	NA
1826	rimia1_1826	27994	28038	28067	9	1	0	NA	NA
1826	rimia1_1826	27991	28038	28066	6	0	0	NA	NA
1826	rimia1_1826	27987	28052	28053	6	1	0	NA	NA
1826	rimia1_1826	27985	28042	28044	6	1	0	NA	NA
1826	rimia1_1826	27980	28049	28053	6	1	0	NA	NA
1826	rimia1_1826	27977	28049	28052	9	1	0	NA	NA
1826	rimia1_1826	27975	28043	28040	9	1	0	NA	NA
1826	rimia1_1826	27974	28040	28042	9	1	0	NA	NA
1826	rimia1_1826	27958	28042	28043	9	1	0	NA	NA
1826	rimia1_1826	27962	28040	28043	6	1	0	NA	NA
1826	rimia1_1826	27961	28040	28043	6	1	0	NA	NA
1826	rimia1_1826	27960	28040	28042	9	1	0	NA	NA
1826	rimia1_1826	27957	28040	28043	6	1	0	NA	NA
1891	rolia1_1891	29127	28923	28955	6	1	0	NA	NA
1891	rolia1_1891	29122	28955	28971	6	1	0	NA	NA
1891	rolia1_1891	29119	28943	28955	6	1	0	NA	NA
1891	rolia1_1891	29118	28943	28957	6	1	0	NA	NA
1891	rolia1_1891	29115	28955	28994	6	1	0	NA	NA
1891	rolia1_1891	29114	28957	28994	6	1	0	NA	NA
1891	rolia1_1891	29112	28957	28971	6	1	0	NA	NA
1891	rolia1_1891	29108	28971	28994	6	0	0	NA	NA
1891	rolia1_1891	29079	28812	28971	9	0	0	NA	NA
1891	rolia1_1891	29065	28812	28957	6	1	0	NA	NA
1891	rolia1_1891	29062	28812	28955	9	0	0	NA	NA
1891	rolia1_1891	29059	28955	28957	6	1	0	NA	NA
1891	rolia1_1891	29031	28911	28927	6	1	0	NA	NA
1891	rolia1_1891	29021	28812	28943	6	0	0	NA	NA
1891	rolia1_1891	29013	28812	28927	6	0	0	NA	NA
1891	rolia1_1891	28978	28812	28923	9	0	0	NA	NA
1891	rolia1_1891	28973	28881	28920	6	1	0	NA	NA
1891	rolia1_1891	28970	28881	28918	6	1	0	NA	NA
1891	rolia1_1891	28969	28812	28918	6	1	0	NA	NA
1891	rolia1_1891	28968	28812	28920	6	1	0	NA	NA
1891	rolia1_1891	28920	28911	28812	6	1	1	NA	NA
1891	rolia1_1891	28912	28904	28812	6	1	1	NA	NA
1891	rolia1_1891	28890	28881	28812	6	1	1	NA	NA
1891	rolia1_1891	28866	28822	28852	6	1	0	NA	NA
1891	rolia1_1891	28845	28852	28812	6	1	1	NA	NA
1891	rolia1_1891	28804	28822	28812	9	1	1	NA	NA
1882	saalr1_1882	29188	28654	29011	9	0	0	NA	NA
1882	saalr1_1882	28991	28654	28666	9	1	0	NA	NA
1882	saalr1_1882	28989	28654	28681	9	1	0	NA	NA
1882	saalr1_1882	28987	28654	28703	6	1	0	NA	NA
1882	saalr1_1882	28986	28654	28670	6	1	0	NA	NA
1882	saalr1_1882	28985	28654	28766	6	1	0	NA	NA
1882	saalr1_1882	28958	28810	28900	9	0	0	NA	NA
1882	saalr1_1882	28954	28803	28900	9	1	0	NA	NA
1882	saalr1_1882	28880	28674	28703	6	1	0	NA	NA
1882	saalr1_1882	28875	28703	28803	9	1	0	NA	NA
1882	saalr1_1882	28847	28670	28803	9	0	0	NA	NA
1882	saalr1_1882	28844	28670	28803	6	0	0	NA	NA
1882	saalr1_1882	28838	28703	28810	9	0	0	NA	NA
1882	saalr1_1882	28831	28766	28803	6	1	0	NA	NA
1882	saalr1_1882	28829	28766	28810	6	1	0	NA	NA
1882	saalr1_1882	28828	28703	28752	6	1	0	NA	NA
1882	saalr1_1882	28827	28703	28736	6	1	0	NA	NA
1882	saalr1_1882	28823	28663	28670	6	1	0	NA	NA
1882	saalr1_1882	28821	28659	28670	6	1	0	NA	NA
1882	saalr1_1882	28820	28670	28810	9	1	0	NA	NA
1869	sabue1_1869	28732	28742	28467	9	1	1	NA	NA
1869	sabue1_1869	28722	28704	28721	9	1	0	NA	NA
1869	sabue1_1869	28694	28467	28721	9	1	0	NA	NA
1869	sabue1_1869	28674	28704	28467	9	1	1	NA	NA
1869	sabue1_1869	28653	28694	28467	9	0	1	NA	NA
1869	sabue1_1869	28635	28590	28645	9	1	0	NA	NA
1869	sabue1_1869	28633	28615	28645	9	1	0	NA	NA
1869	sabue1_1869	28630	28520	28645	9	1	0	NA	NA
1869	sabue1_1869	28625	28645	28467	9	0	1	NA	NA
1869	sabue1_1869	28571	28615	28467	9	1	1	NA	NA
1869	sabue1_1869	28545	28590	28467	9	0	1	NA	NA
1869	sabue1_1869	28496	28554	28467	9	1	1	NA	NA
1869	sabue1_1869	28462	28534	28467	9	0	1	NA	NA
1869	sabue1_1869	28444	28484	28520	6	0	0	NA	NA
1869	sabue1_1869	28415	28484	28467	9	1	1	NA	NA
1890	sahvd1_1890	29041	28869	28952	6	1	0	NA	NA
1890	sahvd1_1890	29014	28869	28937	6	1	0	NA	NA
1890	sahvd1_1890	29007	28869	28921	6	1	0	NA	NA
1890	sahvd1_1890	29001	28777	28869	6	1	0	NA	NA
1890	sahvd1_1890	28998	28777	28845	6	0	0	NA	NA
1890	sahvd1_1890	28996	28777	28819	6	1	0	NA	NA
1864	saloi1_1864	28443	28509	28519	6	0	0	NA	NA
1864	saloi1_1864	28432	28433	28509	6	1	0	NA	NA
1864	saloi1_1864	28396	28462	28476	6	1	0	NA	NA
1864	saloi1_1864	28388	28462	28472	6	1	0	NA	NA
1864	saloi1_1864	28375	28433	28462	6	1	0	NA	NA
1864	saloi1_1864	28367	28452	28458	6	1	0	NA	NA
1864	saloi1_1864	28362	28433	28452	6	0	0	NA	NA
1864	saloi1_1864	28354	28440	28447	6	1	0	NA	NA
1864	saloi1_1864	28346	28433	28440	6	1	0	NA	NA
1934	scbir1_1934	29870	29425	29423	6	1	0	NA	NA
1934	scbir1_1934	29869	29432	29423	6	1	0	NA	NA
1934	scbir1_1934	29868	29426	29423	6	1	0	NA	NA
1934	scbir1_1934	29867	29430	29423	6	1	0	NA	NA
1934	scbir1_1934	29748	29426	29427	6	1	0	NA	NA
1934	scbir1_1934	29747	29430	29431	6	0	0	NA	NA
1934	scbir1_1934	29746	29426	29432	6	0	0	NA	NA
1934	scbir1_1934	29745	29426	29430	6	1	0	NA	NA
1934	scbir1_1934	29744	29425	29427	6	1	0	NA	NA
1934	scbir1_1934	29743	29425	29432	6	1	0	NA	NA
1934	scbir1_1934	29742	29425	29431	9	1	0	NA	NA
1934	scbir1_1934	29741	29426	29428	6	1	0	NA	NA
1934	scbir1_1934	29740	29426	29429	9	1	0	NA	NA
1934	scbir1_1934	29739	29424	29430	6	1	0	NA	NA
1934	scbir1_1934	29738	29424	29429	9	1	0	NA	NA
1888	siror1_1888	28902	28828	28889	6	1	0	NA	NA
1888	siror1_1888	28898	28743	28889	6	1	0	NA	NA
1888	siror1_1888	28897	28775	28889	6	1	0	NA	NA
1888	siror1_1888	28896	28878	28889	6	1	0	NA	NA
1888	siror1_1888	28895	28878	28882	6	1	0	NA	NA
1888	siror1_1888	28893	28707	28878	6	1	0	NA	NA
1888	siror1_1888	28860	28787	28844	6	1	0	NA	NA
1888	siror1_1888	28842	28743	28754	9	1	1	NA	NA
1888	siror1_1888	28833	28754	28844	9	1	0	NA	NA
1888	siror1_1888	28814	28743	28775	9	1	0	NA	NA
1888	siror1_1888	28807	28775	28828	6	1	0	NA	NA
1888	siror1_1888	28806	28743	28828	6	1	0	NA	NA
1888	siror1_1888	28799	28707	28787	6	1	0	NA	NA
1888	siror1_1888	28798	28707	28754	6	1	0	NA	NA
1888	siror1_1888	28797	28720	28754	6	1	0	NA	NA
1888	siror1_1888	28796	28707	28720	6	1	0	NA	NA
1888	siror1_1888	28795	28707	28743	6	1	0	NA	NA
1888	siror1_1888	28793	28743	28775	6	1	0	NA	NA
1888	siror1_1888	28792	28768	28775	6	1	0	NA	NA
1888	siror1_1888	28791	28743	28768	6	1	0	NA	NA
1884	sites1_1884	28966	28753	28673	6	0	1	NA	NA
1884	sites1_1884	28995	28860	28673	6	0	1	NA	NA
1884	sites1_1884	29024	28753	28942	6	1	0	NA	NA
1884	sites1_1884	29023	28772	28942	6	1	0	NA	NA
1884	sites1_1884	29000	28763	28767	6	1	0	NA	NA
1884	sites1_1884	28988	28673	28734	6	0	0	NA	NA
1884	sites1_1884	28982	28673	28739	6	1	0	NA	NA
1884	sites1_1884	28979	28753	28860	9	1	0	NA	NA
1884	sites1_1884	28977	28716	28772	9	0	0	NA	NA
1884	sites1_1884	28963	28753	28772	9	1	0	NA	NA
1884	sites1_1884	28956	28853	28673	9	0	1	NA	NA
1884	sites1_1884	28953	28767	28853	6	1	0	NA	NA
1884	sites1_1884	28948	28767	28673	9	0	1	NA	NA
1884	sites1_1884	28943	28763	28764	9	1	0	NA	NA
1884	sites1_1884	28936	28764	28673	6	1	1	NA	NA
1884	sites1_1884	28921	28763	28673	6	1	1	NA	NA
1884	sites1_1884	28892	28789	28673	6	1	1	NA	NA
1884	sites1_1884	28689	28716	28673	6	1	1	NA	NA
1828	skdec1_1828	28075	28096	28106	6	0	1	NA	NA
1828	skdec1_1828	28074	28101	28106	6	1	0	NA	NA
1828	skdec1_1828	28073	28095	28106	6	0	0	NA	NA
1828	skdec1_1828	28072	28105	28098	6	0	1	NA	NA
1828	skdec1_1828	28071	28095	28105	6	0	1	NA	NA
1828	skdec1_1828	28070	28095	28105	6	1	0	NA	NA
1828	skdec1_1828	28069	28096	28104	6	1	1	NA	NA
1828	skdec1_1828	28068	28098	28103	6	0	0	NA	NA
1828	skdec1_1828	28067	28095	28103	6	1	1	NA	NA
1828	skdec1_1828	28066	28102	28096	6	1	1	NA	NA
1828	skdec1_1828	28065	28097	28102	6	1	1	NA	NA
1828	skdec1_1828	28064	28095	28101	6	0	0	NA	NA
1828	skdec1_1828	28063	28095	28096	6	1	1	NA	NA
1828	skdec1_1828	28062	28095	28097	6	1	1	NA	NA
1828	skdec1_1828	28061	28095	28098	6	0	0	NA	NA
1828	skdec1_1828	28060	28096	28097	6	1	0	NA	NA
1932	slnes1_1932	29995	29448	29444	6	1	0	NA	NA
1932	slnes1_1932	29994	29440	29439	9	1	0	NA	NA
1932	slnes1_1932	29993	29444	29393	6	1	0	NA	NA
1932	slnes1_1932	29992	29445	29393	6	1	0	NA	NA
1932	slnes1_1932	29991	29447	29446	6	1	0	NA	NA
1932	slnes1_1932	29990	29444	29439	6	1	0	NA	NA
1932	slnes1_1932	29989	29448	29445	6	1	0	NA	NA
1932	slnes1_1932	29988	29446	29445	6	1	0	NA	NA
1932	slnes1_1932	29987	29446	29445	6	1	1	NA	NA
1932	slnes1_1932	29986	29447	29440	6	1	0	NA	NA
1881	smkij1_1881	29181	28805	28823	9	1	0	NA	NA
1881	smkij1_1881	29174	28805	28831	9	1	0	NA	NA
1881	smkij1_1881	29165	28991	29007	9	1	0	NA	NA
1881	smkij1_1881	29157	28644	28758	6	0	0	NA	NA
1881	smkij1_1881	29149	28644	29007	6	0	0	NA	NA
1881	smkij1_1881	29130	28989	28991	6	1	0	NA	NA
1881	smkij1_1881	29126	28646	28991	6	0	0	NA	NA
1881	smkij1_1881	29116	28989	28991	6	1	0	NA	NA
1881	smkij1_1881	29110	28646	28989	6	0	0	NA	NA
1881	smkij1_1881	29109	28646	28991	6	1	0	NA	NA
1881	smkij1_1881	29104	28802	28985	6	1	0	NA	NA
1881	smkij1_1881	29102	28644	28985	6	1	0	NA	NA
1881	smkij1_1881	29085	28816	28834	6	0	0	NA	NA
1881	smkij1_1881	29084	28816	28826	6	0	0	NA	NA
1881	smkij1_1881	29082	28816	28831	6	0	0	NA	NA
1881	smkij1_1881	29076	28816	28823	6	0	0	NA	NA
1881	smkij1_1881	29069	28823	28834	6	1	0	NA	NA
1881	smkij1_1881	28886	28646	28802	6	1	0	NA	NA
1881	smkij1_1881	28885	28644	28802	6	1	0	NA	NA
1881	smkij1_1881	28884	28805	28816	6	1	0	NA	NA
1881	smkij1_1881	28883	28823	28831	6	1	0	NA	NA
1881	smkij1_1881	28882	28831	28834	6	1	0	NA	NA
1881	smkij1_1881	28881	28826	28831	6	1	0	NA	NA
1881	smkij1_1881	28879	28805	28831	6	1	0	NA	NA
1881	smkij1_1881	28877	28640	28834	6	1	0	NA	NA
1881	smkij1_1881	28876	28640	28826	6	1	0	NA	NA
1881	smkij1_1881	28874	28805	28826	6	1	0	NA	NA
1881	smkij1_1881	28873	28644	28805	6	1	0	NA	NA
1881	smkij1_1881	28843	28644	28758	6	1	0	NA	NA
1881	smkij1_1881	28650	28634	28640	6	1	0	NA	NA
1881	smkij1_1881	28620	28634	28644	6	1	0	NA	NA
1881	smkij1_1881	28619	28634	28646	6	1	0	NA	NA
1881	smkij1_1881	28615	28634	28640	6	1	0	NA	NA
1914	sutoj1_1914	29531	29263	29266	6	1	0	NA	NA
1914	sutoj1_1914	29530	29264	29266	6	1	0	NA	NA
1914	sutoj1_1914	29529	29262	29264	6	1	0	NA	NA
1914	sutoj1_1914	29528	29265	29266	6	1	0	NA	NA
1914	sutoj1_1914	29527	29261	29265	6	1	0	NA	NA
1914	sutoj1_1914	29526	29261	29263	6	1	0	NA	NA
1914	sutoj1_1914	29525	29261	29263	6	1	0	NA	NA
1914	sutoj1_1914	29524	29263	29264	6	1	0	NA	NA
1914	sutoj1_1914	29523	29262	29264	6	1	0	NA	NA
1914	sutoj1_1914	29522	29261	29262	6	1	0	NA	NA
1914	sutoj1_1914	29521	29261	29264	6	1	0	NA	NA
1914	sutoj1_1914	29520	29261	29266	6	1	0	NA	NA
1879	sybas1_1879	29186	28624	28949	6	1	0	NA	NA
1879	sybas1_1879	29184	28624	28922	6	1	0	NA	NA
1879	sybas1_1879	29071	28958	28613	6	1	1	NA	NA
1879	sybas1_1879	29087	28876	28958	6	0	0	NA	NA
1879	sybas1_1879	29034	28922	28949	6	1	0	NA	NA
1879	sybas1_1879	29029	28949	28613	6	1	1	NA	NA
1879	sybas1_1879	28972	28922	28613	6	1	1	NA	NA
1879	sybas1_1879	28904	28688	28876	9	0	0	NA	NA
1879	sybas1_1879	28908	28876	28613	9	0	1	NA	NA
1879	sybas1_1879	28784	28749	28613	9	0	1	NA	NA
1879	sybas1_1879	28763	28749	28723	6	0	1	NA	NA
1879	sybas1_1879	28705	28723	28624	6	1	1	NA	NA
1879	sybas1_1879	28701	28688	28723	6	1	0	NA	NA
1879	sybas1_1879	28680	28688	28613	6	1	1	NA	NA
1879	sybas1_1879	28593	28624	28613	6	1	1	NA	NA
1842	syloa1_1842	28667	28206	28699	6	1	0	NA	NA
1842	syloa1_1842	28655	28480	28610	6	0	0	NA	NA
1842	syloa1_1842	28644	28289	28594	6	0	0	NA	NA
1842	syloa1_1842	28639	28212	28289	9	0	0	NA	NA
1842	syloa1_1842	28637	28289	28557	6	0	0	NA	NA
1842	syloa1_1842	28628	28448	28610	9	0	0	NA	NA
1842	syloa1_1842	28617	28260	28594	6	1	0	NA	NA
1842	syloa1_1842	28614	28557	28649	6	1	0	NA	NA
1842	syloa1_1842	28610	28260	28649	6	1	0	NA	NA
1842	syloa1_1842	28607	28594	28649	6	1	0	NA	NA
1842	syloa1_1842	28606	28253	28649	6	1	0	NA	NA
1842	syloa1_1842	28581	28289	28621	9	1	0	NA	NA
1842	syloa1_1842	28578	28289	28627	9	1	0	NA	NA
1842	syloa1_1842	28576	28621	28627	9	1	0	NA	NA
1842	syloa1_1842	28575	28289	28621	6	1	0	NA	NA
1842	syloa1_1842	28550	28220	28610	9	1	0	NA	NA
1842	syloa1_1842	28543	28222	28610	9	1	0	NA	NA
1842	syloa1_1842	28532	28253	28594	6	1	0	NA	NA
1842	syloa1_1842	28528	28212	28594	9	1	0	NA	NA
1842	syloa1_1842	28495	28557	28253	6	1	1	NA	NA
1842	syloa1_1842	28492	28285	28557	6	0	0	NA	NA
1842	syloa1_1842	28438	28285	28206	6	1	1	NA	NA
1842	syloa1_1842	28429	28289	28206	6	1	1	NA	NA
1842	syloa1_1842	28422	28480	28448	6	1	1	NA	NA
1842	syloa1_1842	28416	28448	28260	6	1	1	NA	NA
1842	syloa1_1842	28286	28222	28206	9	1	0	NA	NA
1842	syloa1_1842	28268	28260	28212	6	1	1	NA	NA
1842	syloa1_1842	28259	28253	28212	6	1	1	NA	NA
1842	syloa1_1842	28224	28220	28206	9	1	0	NA	NA
1842	syloa1_1842	28206	28212	28206	6	1	1	NA	NA
1893	tapom1_1893	29283	29105	29112	6	0	0	NA	NA
1893	tapom1_1893	29279	29013	29112	6	0	0	NA	NA
1893	tapom1_1893	29268	28905	29105	6	1	0	NA	NA
1893	tapom1_1893	29263	28939	29105	9	0	0	NA	NA
1893	tapom1_1893	29262	29013	29105	9	0	0	NA	NA
1893	tapom1_1893	29259	29094	29105	6	1	0	NA	NA
1893	tapom1_1893	29257	28992	29094	9	1	0	NA	NA
1893	tapom1_1893	29256	29013	29094	9	0	0	NA	NA
1893	tapom1_1893	29254	28898	29094	6	1	0	NA	NA
1893	tapom1_1893	29224	28966	29055	6	0	0	NA	NA
1893	tapom1_1893	29223	29008	29055	9	0	0	NA	NA
1893	tapom1_1893	29205	28905	28939	9	0	0	NA	NA
1893	tapom1_1893	29204	28905	28950	9	0	0	NA	NA
1893	tapom1_1893	29202	28910	29036	9	1	0	NA	NA
1893	tapom1_1893	29194	28966	28997	9	0	0	NA	NA
1893	tapom1_1893	29192	28933	28992	6	1	0	NA	NA
1893	tapom1_1893	29187	28933	29013	9	1	0	NA	NA
1893	tapom1_1893	29182	28966	29013	6	0	0	NA	NA
1893	tapom1_1893	29180	28950	29013	6	0	0	NA	NA
1893	tapom1_1893	29151	28966	29008	9	0	0	NA	NA
1893	tapom1_1893	29129	28933	28997	9	0	0	NA	NA
1893	tapom1_1893	29125	28914	28997	9	1	0	NA	NA
1893	tapom1_1893	29124	28898	28997	6	1	0	NA	NA
1893	tapom1_1893	29120	28910	28997	6	1	0	NA	NA
1893	tapom1_1893	29113	28992	28997	9	0	0	NA	NA
1893	tapom1_1893	29097	28966	28979	6	0	0	NA	NA
1893	tapom1_1893	29096	28950	28979	6	0	0	NA	NA
1893	tapom1_1893	29093	28966	28979	6	1	0	NA	NA
1893	tapom1_1893	29074	28950	28966	6	0	0	NA	NA
1893	tapom1_1893	29068	28898	28966	6	1	0	NA	NA
1893	tapom1_1893	29054	28898	28914	6	1	0	NA	NA
1893	tapom1_1893	29053	28898	28914	6	1	0	NA	NA
1893	tapom1_1893	29052	28898	28914	6	1	0	NA	NA
1893	tapom1_1893	29050	28898	28950	6	1	0	NA	NA
1893	tapom1_1893	29047	28950	28953	6	0	0	NA	NA
1893	tapom1_1893	29046	28939	28953	6	1	0	NA	NA
1893	tapom1_1893	29042	28933	28953	6	1	0	NA	NA
1893	tapom1_1893	29032	28933	28950	6	0	0	NA	NA
1893	tapom1_1893	29030	28939	28950	6	0	0	NA	NA
1893	tapom1_1893	29010	28898	28905	6	1	0	NA	NA
1893	tapom1_1893	29005	28910	28933	9	0	0	NA	NA
1893	tapom1_1893	29002	28914	28933	9	0	0	NA	NA
1893	tapom1_1893	28984	28910	28914	6	1	1	NA	NA
1893	tapom1_1893	28937	28898	28914	6	1	0	NA	NA
1893	tapom1_1893	28922	28898	28910	9	1	0	NA	NA
1929	thcap1_1929	29677	29370	29337	9	0	1	NA	NA
1929	thcap1_1929	29676	29339	29378	6	1	0	NA	NA
1929	thcap1_1929	29675	29339	29360	6	1	0	NA	NA
1929	thcap1_1929	29674	29339	29354	6	1	0	NA	NA
1929	thcap1_1929	29673	29339	29353	6	1	0	NA	NA
1929	thcap1_1929	29672	29339	29337	9	0	1	NA	NA
1929	thcap1_1929	29671	29373	29375	6	1	0	NA	NA
1929	thcap1_1929	29670	29373	29374	6	1	0	NA	NA
1929	thcap1_1929	29669	29373	29337	9	0	1	NA	NA
1929	thcap1_1929	29667	29352	29337	9	0	1	NA	NA
1929	thcap1_1929	29665	29352	29363	6	1	0	NA	NA
1929	thcap1_1929	29664	29352	29358	6	1	0	NA	NA
1929	thcap1_1929	29663	29352	29357	6	1	0	NA	NA
1929	thcap1_1929	29661	29352	29358	6	1	0	NA	NA
1929	thcap1_1929	29658	29352	29358	6	1	0	NA	NA
1929	thcap1_1929	29657	29352	29365	6	1	0	NA	NA
1929	thcap1_1929	29656	29352	29363	6	1	0	NA	NA
1929	thcap1_1929	29644	29344	29337	6	1	1	NA	NA
1929	thcap1_1929	29650	29349	29352	9	1	1	NA	NA
1929	thcap1_1929	29649	29344	29349	6	1	0	NA	NA
1929	thcap1_1929	29646	29344	29347	9	1	1	NA	NA
1929	thcap1_1929	29645	29344	29345	6	1	1	NA	NA
1928	thwhd1_1928	29620	29338	29346	6	0	0	NA	NA
1928	thwhd1_1928	29619	29341	29355	6	0	0	NA	NA
1928	thwhd1_1928	29617	29327	29355	6	1	0	NA	NA
1928	thwhd1_1928	29616	29333	29348	6	1	0	NA	NA
1928	thwhd1_1928	29615	29335	29348	6	1	0	NA	NA
1928	thwhd1_1928	29614	29333	29348	6	0	0	NA	NA
1928	thwhd1_1928	29612	29335	29348	6	0	0	NA	NA
1928	thwhd1_1928	29610	29327	29346	6	1	0	NA	NA
1928	thwhd1_1928	29606	29328	29342	6	1	0	NA	NA
1928	thwhd1_1928	29605	29327	29340	6	1	0	NA	NA
1928	thwhd1_1928	29604	29327	29330	6	0	0	NA	NA
1928	thwhd1_1928	29603	29327	29341	6	0	0	NA	NA
1928	thwhd1_1928	29602	29327	29335	6	0	0	NA	NA
1928	thwhd1_1928	29601	29327	29338	6	0	0	NA	NA
1928	thwhd1_1928	29600	29327	29332	6	0	0	NA	NA
1928	thwhd1_1928	29599	29327	29333	6	0	0	NA	NA
1928	thwhd1_1928	29598	29327	29328	6	1	0	NA	NA
1837	trquj1_1837	28433	28244	28335	6	0	1	NA	NA
1837	trquj1_1837	28423	28237	28485	6	0	0	NA	NA
1837	trquj1_1837	28420	28237	28455	6	1	0	NA	NA
1837	trquj1_1837	28417	28237	28434	6	1	0	NA	NA
1837	trquj1_1837	28411	28237	28485	6	1	0	NA	NA
1837	trquj1_1837	28391	28237	28473	6	1	0	NA	NA
1837	trquj1_1837	28363	28237	28455	6	1	0	NA	NA
1837	trquj1_1837	28337	28237	28434	6	0	0	NA	NA
1837	trquj1_1837	28328	28237	28421	6	0	0	NA	NA
1837	trquj1_1837	28302	28363	28409	6	0	0	NA	NA
1837	trquj1_1837	28274	28363	28378	6	1	0	NA	NA
1837	trquj1_1837	28265	28237	28363	6	1	0	NA	NA
1837	trquj1_1837	28238	28309	28335	6	0	0	NA	NA
1837	trquj1_1837	28217	28309	28318	6	1	0	NA	NA
1837	trquj1_1837	28212	28237	28309	6	1	0	NA	NA
1837	trquj1_1837	28196	28244	28262	9	1	0	NA	NA
1837	trquj1_1837	28194	28244	28262	6	1	0	NA	NA
1837	trquj1_1837	28192	28244	28274	6	1	0	NA	NA
1837	trquj1_1837	28186	28244	28252	6	1	0	NA	NA
1837	trquj1_1837	28173	28244	28268	6	1	0	NA	NA
1837	trquj1_1837	28171	28244	28262	6	1	0	NA	NA
1837	trquj1_1837	28161	28244	28252	6	1	0	NA	NA
1837	trquj1_1837	28151	28237	28244	6	1	0	NA	NA
1848	tulos1_1848	28427	28258	28504	6	0	0	NA	NA
1848	tulos1_1848	28371	28395	28460	6	1	0	NA	NA
1848	tulos1_1848	28370	28400	28460	6	1	0	NA	NA
1848	tulos1_1848	28331	28395	28412	6	1	0	NA	NA
1848	tulos1_1848	28326	28400	28412	6	1	0	NA	NA
1848	tulos1_1848	28324	28395	28400	6	1	0	NA	NA
1848	tulos1_1848	28320	28258	28400	9	1	0	NA	NA
1848	tulos1_1848	28257	28288	28356	6	1	0	NA	NA
1848	tulos1_1848	28239	28288	28330	6	1	0	NA	NA
1848	tulos1_1848	28236	28288	28303	6	1	0	NA	NA
1848	tulos1_1848	28200	28258	28288	6	1	0	NA	NA
1895	tunoj1_1895	29239	28964	29075	6	1	0	NA	NA
1895	tunoj1_1895	29238	28951	29075	6	1	0	NA	NA
1895	tunoj1_1895	29237	29028	29075	6	1	0	NA	NA
1895	tunoj1_1895	29236	28944	29075	6	1	0	NA	NA
1895	tunoj1_1895	29213	29050	29012	6	1	1	NA	NA
1895	tunoj1_1895	29206	29028	29038	6	1	0	NA	NA
1895	tunoj1_1895	29196	28951	29025	6	1	1	NA	NA
1895	tunoj1_1895	29191	29012	29018	6	0	0	NA	NA
1895	tunoj1_1895	29190	28944	29018	6	1	0	NA	NA
1895	tunoj1_1895	29179	28944	29012	6	1	0	NA	NA
1895	tunoj1_1895	29178	28951	29012	6	1	0	NA	NA
1895	tunoj1_1895	29133	28995	29003	6	0	0	NA	NA
1895	tunoj1_1895	29128	28940	29003	6	1	0	NA	NA
1895	tunoj1_1895	29111	28944	28995	6	1	1	NA	NA
1895	tunoj1_1895	29089	28964	28970	6	0	0	NA	NA
1895	tunoj1_1895	29038	28935	28951	6	1	0	NA	NA
1895	tunoj1_1895	29037	28931	28951	6	1	0	NA	NA
1895	tunoj1_1895	29026	28940	28944	6	1	0	NA	NA
1855	tupls1_1855	28548	28320	28543	6	1	0	NA	NA
1855	tupls1_1855	28547	28320	28543	6	1	0	NA	NA
1855	tupls1_1855	28546	28320	28543	6	1	0	NA	NA
1855	tupls1_1855	28541	28427	28454	6	1	0	NA	NA
1855	tupls1_1855	28538	28320	28367	6	1	0	NA	NA
1855	tupls1_1855	28537	28320	28362	6	1	0	NA	NA
1855	tupls1_1855	28535	28362	28445	6	1	0	NA	NA
1855	tupls1_1855	28533	28362	28445	9	1	0	NA	NA
1855	tupls1_1855	28526	28320	28502	9	1	0	NA	NA
1855	tupls1_1855	28524	28418	28502	6	1	0	NA	NA
1855	tupls1_1855	28522	28396	28418	9	1	1	NA	NA
1855	tupls1_1855	28520	28367	28491	6	1	0	NA	NA
1855	tupls1_1855	28514	28329	28418	6	1	0	NA	NA
1855	tupls1_1855	28513	28329	28418	6	1	0	NA	NA
1855	tupls1_1855	28497	28427	28543	9	1	0	NA	NA
1933	unulr1_1933	29707	29403	29408	6	1	0	NA	NA
1933	unulr1_1933	29694	29408	29412	6	1	1	NA	NA
1933	unulr1_1933	29693	29408	29413	6	1	1	NA	NA
1933	unulr1_1933	29692	29408	29410	6	1	1	NA	NA
1933	unulr1_1933	29691	29396	29408	6	1	0	NA	NA
1933	unulr1_1933	29690	29396	29414	6	1	0	NA	NA
1933	unulr1_1933	29689	29415	29417	6	1	1	NA	NA
1933	unulr1_1933	29688	29396	29415	6	1	0	NA	NA
1933	unulr1_1933	29687	29396	29403	6	1	0	NA	NA
1933	unulr1_1933	29686	29396	29405	6	1	0	NA	NA
1933	unulr1_1933	29685	29396	29401	6	1	0	NA	NA
1933	unulr1_1933	29684	29396	29400	6	1	0	NA	NA
1933	unulr1_1933	29683	29396	29399	6	1	0	NA	NA
1933	unulr1_1933	29682	29396	29398	6	1	0	NA	NA
1933	unulr1_1933	29681	29396	29397	6	1	0	NA	NA
1877	vapij1_1877	28909	28886	28851	6	1	1	NA	NA
1877	vapij1_1877	28907	28892	28851	6	1	1	NA	NA
1877	vapij1_1877	28906	28851	28886	6	1	0	NA	NA
1877	vapij1_1877	28869	28669	28851	6	1	0	NA	NA
1877	vapij1_1877	28863	28830	28851	6	1	0	NA	NA
1877	vapij1_1877	28846	28851	28604	6	1	1	NA	NA
1877	vapij1_1877	28822	28604	28830	6	1	0	NA	NA
1877	vapij1_1877	28790	28614	28669	6	1	0	NA	NA
1877	vapij1_1877	28641	28667	28616	6	1	1	NA	NA
1877	vapij1_1877	28640	28657	28616	6	1	1	NA	NA
1877	vapij1_1877	28693	28604	28607	6	1	0	NA	NA
1877	vapij1_1877	28692	28604	28614	6	1	0	NA	NA
1877	vapij1_1877	28690	28604	28616	6	1	0	NA	NA
1877	vapij1_1877	28601	28596	28614	6	1	0	NA	NA
1877	vapij1_1877	28594	28596	28616	6	1	0	NA	NA
1877	vapij1_1877	28590	28589	28596	6	1	0	NA	NA
1877	vapij1_1877	28584	28601	28607	6	1	0	NA	NA
1877	vapij1_1877	28572	28601	28597	9	1	1	NA	NA
1877	vapij1_1877	28569	28597	28601	6	1	0	NA	NA
1877	vapij1_1877	28567	28601	28604	6	1	0	NA	NA
1877	vapij1_1877	28565	28597	28601	6	1	0	NA	NA
1877	vapij1_1877	28564	28589	28597	6	1	0	NA	NA
1849	wabad1_1849	28343	28259	28436	6	1	0	NA	NA
1849	wabad1_1849	28332	28419	28430	6	1	0	NA	NA
1849	wabad1_1849	28322	28419	28426	6	1	0	NA	NA
1849	wabad1_1849	28311	28230	28419	6	1	0	NA	NA
1849	wabad1_1849	28290	28364	28393	6	1	0	NA	NA
1849	wabad1_1849	28276	28364	28380	6	1	0	NA	NA
1849	wabad1_1849	28270	28364	28373	6	1	0	NA	NA
1849	wabad1_1849	28264	28230	28364	6	1	0	NA	NA
1849	wabad1_1849	28254	28230	28319	6	1	0	NA	NA
1849	wabad1_1849	28248	28319	28347	6	1	0	NA	NA
1849	wabad1_1849	28240	28319	28328	9	1	0	NA	NA
1849	wabad1_1849	28211	28259	28308	9	1	0	NA	NA
1849	wabad1_1849	28203	28282	28298	9	1	0	NA	NA
1849	wabad1_1849	28188	28246	28282	6	1	0	NA	NA
1849	wabad1_1849	28170	28230	28246	6	1	0	NA	NA
1849	wabad1_1849	28166	28246	28259	9	1	0	NA	NA
1903	wienk1_1903	29368	29073	29086	6	1	0	NA	NA
1903	wienk1_1903	29364	29073	29098	6	1	0	NA	NA
1903	wienk1_1903	29345	29073	29083	9	1	1	NA	NA
1903	wienk1_1903	29344	29073	29080	6	1	0	NA	NA
1903	wienk1_1903	29341	29125	29088	6	1	1	NA	NA
1903	wienk1_1903	29340	29073	29088	6	1	0	NA	NA
1903	wienk1_1903	29337	29077	29125	6	1	0	NA	NA
1903	wienk1_1903	29336	29073	29125	6	1	0	NA	NA
1903	wienk1_1903	29311	29118	29100	6	1	1	NA	NA
1903	wienk1_1903	29307	29073	29118	6	1	0	NA	NA
1903	wienk1_1903	29294	29083	29095	6	1	1	NA	NA
1903	wienk1_1903	29291	29083	29093	6	1	1	NA	NA
1903	wienk1_1903	29289	29083	29098	6	1	0	NA	NA
1903	wienk1_1903	29282	29098	29095	6	1	1	NA	NA
1903	wienk1_1903	29276	29095	29093	6	1	1	NA	NA
1903	wienk1_1903	29270	29086	29085	6	1	1	NA	NA
1903	wienk1_1903	29269	29083	29085	9	1	1	NA	NA
1903	wienk1_1903	29265	29077	29080	9	1	0	NA	NA
1825	wisow1_1825	28036	28032	28073	6	1	0	NA	NA
1825	wisow1_1825	28035	28073	28075	6	1	0	NA	NA
1825	wisow1_1825	28034	28032	28073	6	1	0	NA	NA
1825	wisow1_1825	28029	28054	28055	6	1	0	NA	NA
1825	wisow1_1825	28028	28050	28054	6	1	0	NA	NA
1825	wisow1_1825	28027	28050	28055	6	1	0	NA	NA
1825	wisow1_1825	28026	28032	28050	6	1	0	NA	NA
1825	wisow1_1825	28025	28036	28039	6	1	0	NA	NA
1825	wisow1_1825	28024	28036	28064	6	1	0	NA	NA
1825	wisow1_1825	28023	28032	28036	6	1	0	NA	NA
1825	wisow1_1825	28021	28057	28059	6	1	0	NA	NA
1825	wisow1_1825	28019	28057	28058	6	1	0	NA	NA
1825	wisow1_1825	28018	28032	28057	6	1	0	NA	NA
1825	wisow1_1825	28015	28071	28072	6	1	0	NA	NA
1825	wisow1_1825	28014	28032	28071	6	1	0	NA	NA
1825	wisow1_1825	28013	28032	28065	6	1	0	NA	NA
1825	wisow1_1825	28012	28063	28068	6	1	1	NA	NA
1825	wisow1_1825	28011	28068	28069	6	1	0	NA	NA
1825	wisow1_1825	28010	28063	28069	9	0	0	NA	NA
1825	wisow1_1825	28009	28032	28063	6	1	0	NA	NA
1825	wisow1_1825	28008	28032	28046	6	1	0	NA	NA
1825	wisow1_1825	28004	28046	28070	6	1	1	NA	NA
1965	wisup1_1965	30032	29581	29850	6	1	0	NA	NA
1965	wisup1_1965	30031	29577	29851	6	1	0	NA	NA
1965	wisup1_1965	30029	29566	29850	6	1	0	NA	NA
1965	wisup1_1965	30028	29583	29569	6	1	0	NA	NA
1965	wisup1_1965	30027	29592	29590	6	1	0	NA	NA
1965	wisup1_1965	30026	29590	29567	6	1	0	NA	NA
1965	wisup1_1965	30025	29590	29561	6	1	0	NA	NA
1965	wisup1_1965	30024	29573	29561	6	0	0	NA	NA
1965	wisup1_1965	30020	29583	29561	6	1	0	NA	NA
1965	wisup1_1965	29895	29567	29592	6	1	0	NA	NA
1965	wisup1_1965	29888	29573	29579	6	1	0	NA	NA
1965	wisup1_1965	29887	29562	29566	6	0	0	NA	NA
1965	wisup1_1965	29884	29566	29581	6	1	0	NA	NA
1965	wisup1_1965	29876	29573	29577	6	1	0	NA	NA
1965	wisup1_1965	29874	29562	29567	6	1	0	NA	NA
1965	wisup1_1965	29873	29561	29567	6	1	0	NA	NA
1965	wisup1_1965	29872	29561	29566	6	1	0	NA	NA
1965	wisup1_1965	29871	29561	29562	6	1	0	NA	NA
