CAM_ID	participantCAM	mean_valence_macro	mean_valence_normed_macro	density_macro	transitivity_macro	centr_degree_macro	centr_clo_macro	centr_betw_macro	centr_eigen_macro	meanDistance_directed_macro	meanDistance_undirected_macro	diameter_weighted_undirected_macro	diameter_unweighted_undirected_macro	diameter_unweighted_directed_macro	num_nodes_macro	num_nodes_pos_macro	num_nodes_neg_macro	num_nodes_neut_macro	num_nodes_ambi_macro	num_edges_macro	num_edges_solid_macro	num_edges_dashed_macro	num_edges_invaliddashed_macro	meanWeightEdges_macro	reciprocity_macro	assortativity_valence_macro	assortativityDegree_macro	degreetot_micro_technologicalimplant	valence_micro_technologicalimplant	centr_clo_micro_technologicalimplant
absdw1_1927	absdw1_1927	-1.2	-0.4	0.2	0	0.375	1.0000000000000002	1	0.6666666666666665	1	1.6	4	2	1	5	1	3	1	0	4	4	0	0	2	0	-0.8064516129032258	-1	4	0	1
alcoj1_1906	alcoj1_1906	-0.5	-0.21428571428571427	0.1813186813186813	0.2926829268292683	0.3431952662721893	0.5750239233897979	0.7347140039447732	0.7270115992493782	2.5680473372781063	2.4285714285714284	8	4	5	14	1	4	7	2	33	33	0	0	2	0.9090909090909091	-0.3689956331877737	-0.160061646851607	13	0	1
apchr1_1856	apchr1_1856	0.6	0.4	0.1	0	0.32098765432098764	0.759425837320574	0.8950617283950617	0.7473061483201127	1.1	2.111111111111111	8	4	2	10	5	1	2	2	9	5	4	0	2	0	-0.27272727272727215	-0.6757624398073835	7	0	1
babrs1_1871	babrs1_1871	0.13333333333333333	0.13333333333333333	0.12380952380952381	0	0.32653061224489793	0.5892161342192408	0.8100470957613815	0.7676059993002101	2.5	2.6	9	4	4	15	8	6	1	0	26	16	10	0	2.076923076923077	0.8461538461538461	-0.023148148148147755	-0.24046858359957424	12	0	1
babui1_1971	babui1_1971	0.2	0.2	0.1111111111111111	0.14285714285714285	0.24691358024691357	0.4830695346320347	0.7037037037037037	0.7357564845728076	1.3571428571428572	2.3777777777777778	9	4	3	10	5	3	2	0	10	9	1	0	2.1	0	-0.4046822742474913	-0.6541353383458647	6	0	1
becha1_1827	becha1_1827	0	0.0625	0.07083333333333333	0.09230769230769231	0.31555555555555553	0.7298898517064902	0.8882539682539683	0.7852463258232517	1.2272727272727273	2.275	9	4	2	16	6	5	5	0	17	13	4	1	2.0588235294117645	0	-0.2864864864864862	-0.5182508801185844	11	0	1
bopof1_1872	bopof1_1872	0.46153846153846156	0.15384615384615385	0.07692307692307693	0	0.1875	0.5455473876526507	0.7853535353535354	0.7586199726675825	1.3888888888888888	2.6923076923076925	10	5	3	13	6	4	3	0	12	8	4	0	2	0	-0.7100737100737079	-0.32089552238805963	6	0	1
brabg1_1887	brabg1_1887	-0.8571428571428571	-0.21428571428571427	0.23076923076923078	0.297029702970297	0.2485207100591716	0.3676713386702141	0.2252624868009483	0.5461773952464513	2.318681318681319	1.8241758241758241	7	3	7	14	4	7	2	1	42	31	11	2	2.1904761904761907	0.7142857142857143	0.18093174431202558	-0.4404203627323585	9	0	0.9
brhua1_1832	brhua1_1832	-0.9333333333333333	-0.3333333333333333	0.15714285714285717	0.3	0.25255102040816324	0.5396752445244101	0.4575169728230952	0.6128038229222578	2.5303030303030303	2.0952380952380953	8	4	6	15	4	9	1	1	33	30	3	3	2	0.5454545454545454	0.1315789473684236	-0.47795065761196537	10	-1	1
bumad1_1860	bumad1_1860	-0.26666666666666666	-0.2	0.07619047619047618	0.06976744186046512	0.22448979591836735	0.5410656729496012	0.728414442700157	0.7256704201380788	1.3478260869565217	2.447619047619048	11	5	3	15	4	7	1	3	16	8	8	0	2.125	0	0.47540983606557374	-0.5691460055096419	8	0	1
caber1_1833	caber1_1833	1.1	0.5	0.1	0	0.19753086419753085	0.505377435064935	0.6944444444444444	0.7037948703546287	1.5	2.4444444444444446	10	5	3	10	7	2	1	0	9	9	0	0	2	0	0.14285714285714243	-0.47826086956521763	3	0	0.875
chdaa1_1905	chdaa1_1905	0.36363636363636365	0.18181818181818182	0.17272727272727273	0.10344827586206896	0.525	0.6537572612572612	0.7911111111111111	0.7743701897852984	1.9027777777777777	2.1272727272727274	7	3	3	11	5	3	1	2	19	17	2	1	2.0526315789473686	0.8421052631578947	-0.5458845789971615	-0.6780436312456015	13	0	1
chros1_1908	chros1_1908	-0.8888888888888888	-0.3333333333333333	0.20833333333333334	0	0.6796875	0.8460884353741495	0.9330357142857143	0.740125245803662	1.9375	1.9444444444444444	6	3	3	9	2	5	1	1	15	5	10	2	2	0.9333333333333333	-0.6363636363636374	-0.8142857142857143	13	0	1
cofrn1_1912	cofrn1_1912	-0.3076923076923077	-0.15384615384615385	0.11538461538461538	0.2222222222222222	0.4166666666666667	0.9491735537190086	0.884469696969697	0.7202294579893211	1.1	1.7692307692307692	5	2	2	13	4	6	1	2	18	11	7	0	2.2777777777777777	0	-0.10843373493975905	-0.5675675675675675	NA	NA	NA
dewae1_1896	dewae1_1896	0.6	0.2	0.07142857142857142	0.08823529411764706	0.1913265306122449	0.5851063674604657	0.7990580847723705	0.76410550473241	1.2857142857142858	2.5904761904761906	8	4	2	15	8	5	2	0	15	11	4	0	2	0	-0.11801242236024828	-0.27383015597920257	7	0	1
dheak1_1845	dheak1_1845	0.9	0.3	0.18888888888888888	0	0.4691358024691358	0.6570245726495725	0.8076131687242797	0.7396239081220639	2.1780821917808217	2.2222222222222223	11	4	4	10	5	2	2	1	17	13	4	0	2.4705882352941178	0.8235294117647058	0.06299212598425238	-0.4444191343963554	11	0	1
doava1_1852	doava1_1852	-0.36363636363636365	-0.09090909090909091	0.15454545454545454	0.10714285714285714	0.435	0.6743671965894192	0.8088888888888889	0.7374172065463325	2.015151515151515	2.1818181818181817	8	4	3	11	3	4	3	1	17	11	6	0	2	0.7058823529411765	-0.4655172413793102	-0.5747602441150832	11	0	1
eaasc1_1966	eaasc1_1966	0	0	0.11695906432748537	0.39520958083832336	0.1111111111111111	0.3361648128558303	0.2211458657537089	0.5476409317731993	1.6582278481012658	2.3391812865497075	11	5	4	19	8	8	2	1	40	40	0	0	2.15	0	0.2615384615384612	0.05726385564352814	7	0	1
emmij1_1911	emmij1_1911	0.9	0.3	0.23333333333333334	0.17647058823529413	0.6666666666666666	0.836111111111111	0.8765432098765432	0.7103925785498498	1.9012345679012346	1.9111111111111112	9	3	3	10	5	2	2	1	21	21	0	0	2.4285714285714284	0.9523809523809523	-0.3342541436464094	-0.6505667086450848	15	0	1
evbit1_1840	evbit1_1840	0.08333333333333333	0.08333333333333333	0.12878787878787878	0.29577464788732394	0.4049586776859504	0.9378947368421052	0.8809917355371901	0.6976958460180744	1	1.7424242424242424	6	2	1	12	6	5	1	0	17	12	5	0	2.1176470588235294	0	-0.1724137931034496	-0.5667711598746085	11	0	1
evbos1_1883	evbos1_1883	-0.4583333333333333	-0.16666666666666666	0.05615942028985508	0.06666666666666667	0.1001890359168242	0.4105075181185741	0.4470773083249455	0.734724423495467	2.557046979865772	2.9057971014492754	15	5	4	24	7	11	6	0	31	11	20	6	2.7419354838709675	0.06451612903225806	-0.2731006160164282	-0.48252605763335343	NA	NA	NA
fasts1_1847	fasts1_1847	0.42857142857142855	0.19047619047619047	0.05952380952380952	0	0.17375	0.47311848123772793	0.7413157894736843	0.8828955076382606	1.5471698113207548	3.085714285714286	12	5	3	21	11	7	1	2	25	18	7	2	2.16	0.4	0.05660377358490598	-0.4083723001558671	5	0	1
foblc1_2026	foblc1_2026	-0.3	-0.1	0.13333333333333333	0.2903225806451613	0.2839506172839506	0.7084609250398722	0.7530864197530864	0.6851770581241738	1.1428571428571428	2.022222222222222	8	4	2	10	2	3	1	4	12	12	0	0	2	0	0.28571428571428537	-0.40511440107671615	7	0	1
foloa1_1835	foloa1_1835	0.16666666666666666	0	0.059782608695652176	0.16363636363636364	0.14177693761814744	0.39350162410413775	0.6442687747035574	0.8233414913100979	2.7823834196891193	3.4166666666666665	16	6	6	24	10	10	2	2	33	23	10	6	2.3333333333333335	0.42424242424242425	0.1508771929824561	0.15298431452434302	9	0	1
gagra1_1924	gagra1_1924	0	0	0.1527777777777778	0.20689655172413793	0.3203125	0.7792248478338707	0.7901785714285714	0.657781348660566	1.1538461538461537	1.8333333333333333	6	3	2	9	3	3	2	1	11	10	1	0	2	0	-0.0476190476190468	-0.569069069069069	NA	NA	NA
gicrt1_1886	gicrt1_1886	-0.35294117647058826	-0.11764705882352941	0.0625	0	0.166015625	0.4678959004570407	0.7796875	0.7692294083892188	1.606060606060606	3.1176470588235294	14	7	3	17	7	9	1	0	17	8	9	5	2	0.11764705882352941	0.15527950310559036	-0.31637168141592936	7	0	1
grstr1_1874	grstr1_1874	-1.25	-0.5	0.25	0	0.1111111111111111	0.4166666666666667	0.4444444444444444	0.38196601125010554	1.25	1.6666666666666667	9	3	2	4	1	3	0	0	3	2	1	0	3	0	-0.19999999999999232	-0.5	NA	NA	NA
guakt1_1875	guakt1_1875	-0.2857142857142857	-0.2857142857142857	0.14285714285714285	0	0.3194444444444444	0.7857142857142857	0.8777777777777778	0.6951372822458948	1.1428571428571428	1.9047619047619047	7	3	2	7	1	3	1	2	6	6	0	0	2.3333333333333335	0	-0.6000000000000002	-0.7759999999999999	5	0	1
hahan1_1915	hahan1_1915	0.125	0	0.19642857142857142	0	0.2653061224489796	0.37959656084656096	0.46802721088435373	0.7314713826975042	2.125	2.4285714285714284	10	5	5	8	2	2	2	2	11	8	3	0	2	0.5454545454545454	0.25538461538461504	0.01785714285714296	NA	NA	NA
halid1_1851	halid1_1851	-1.3333333333333333	-0.5	0.2	0	0.48	1	1	0.7196699141100895	1.4	1.6666666666666667	4	2	2	6	1	4	1	0	6	5	1	0	2	0.3333333333333333	-0.8305084745762707	-0.9799999999999999	6	0	1
hawep1_1889	hawep1_1889	0	0	0.06666666666666667	0.028037383177570093	0.4622222222222222	0.9948979591836731	0.9904761904761905	0.7886233660915415	1	1.8666666666666667	4	2	1	16	7	7	2	0	16	9	7	0	2	0	-0.49134487350199735	-0.907626208378088	15	0	1
kabos1_1867	kabos1_1867	0	-0.09090909090909091	0.15454545454545454	0.3333333333333333	0.16	0.31352851168281687	0.3229629629629629	0.6118948998048652	2.090909090909091	2.090909090909091	8	4	5	11	4	5	1	1	17	10	7	0	2.176470588235294	0.11764705882352941	-0.2353870458135853	-0.05741626794258339	NA	NA	NA
kajor1_1897	kajor1_1897	-0.4666666666666667	-0.2	0.1619047619047619	0.06451612903225806	0.8214285714285714	0.8772150925997082	0.9062009419152278	0.7685164885139848	1.8724489795918366	1.9047619047619047	9	3	3	15	4	7	2	2	34	22	12	0	2.411764705882353	0.8823529411764706	-0.42580645161290315	-0.6844881665240945	26	0	1
kelok1_1901	kelok1_1901	0.7333333333333333	0.26666666666666666	0.14285714285714285	0.13953488372093023	0.11479591836734694	0.5036484503728811	0.5586913086913087	0.5417836044256673	3.08125	2.533333333333333	8	4	7	15	7	3	2	3	30	30	0	0	2	0.7333333333333333	-0.16731517509727592	-0.39361260887598476	NA	NA	NA
khpim1_1873	khpim1_1873	-1.5263157894736843	-0.5263157894736842	0.07602339181286549	0.04477611940298507	0.24228395061728394	0.6631013436740992	0.8928830791575889	0.6903544419384566	1.3157894736842106	2.508771929824561	8	4	2	19	3	13	1	2	26	23	3	1	2	0.5384615384615384	-0.1926605504587172	-0.5219666544967748	11	0	1
knban1_1876	knban1_1876	-0.16666666666666666	-0.16666666666666666	0.16666666666666669	0	0.28	0.73125	0.82	0.6557277673040155	1.8333333333333333	1.8666666666666667	7	3	3	6	2	3	1	0	5	4	1	0	2.2	0	0.4444444444444431	-0.7391304347826086	NA	NA	NA
kotek1_1909	kotek1_1909	0.0625	0	0.07083333333333333	0.075	0.2088888888888889	0.5680490128819556	0.7879365079365079	0.7655581495745799	1.3846153846153846	2.658333333333333	11	5	3	16	6	6	1	3	17	17	0	0	2.0588235294117645	0.11764705882352941	-0.1754161331626132	-0.31307929969104004	8	0	1
lamig1_1898	lamig1_1898	-0.8571428571428571	-0.35714285714285715	0.1043956043956044	0.2	0.17751479289940827	0.35863576031205563	0.4822485207100592	0.7945764847815339	2.5342465753424657	2.7032967032967035	12	5	5	14	1	6	4	3	19	12	7	0	2.3157894736842106	0.21052631578947367	-0.15853658536585422	0.0727874276261374	7	0	1
lesol1_1854	lesol1_1854	-0.125	-0.125	0.26785714285714285	0	0.5918367346938775	0.7802579365079364	0.8435374149659864	0.6555455223412823	1.836734693877551	1.8571428571428572	6	3	3	8	3	4	1	0	15	8	7	2	2	0.9333333333333333	-0.7938144329896899	-0.761790327425653	11	0	1
makgd1_1902	makgd1_1902	-0.1	0.1	0.2222222222222222	0.21428571428571427	0.8024691358024691	0.9531250000000001	0.9166666666666666	0.7312108299517817	1.7530864197530864	1.7333333333333334	4	2	2	10	4	3	2	1	20	20	0	0	2	0.8	-0.2500000000000006	-0.7589249899719213	17	0	1
maloj1_1870	maloj1_1870	-0.9	-0.3	0.14444444444444446	0.1875	0.2716049382716049	0.6807305390865174	0.7314814814814815	0.6585104819027934	1.1875	1.9555555555555555	10	4	2	10	2	5	2	1	13	6	7	3	2.3076923076923075	0	-0.09473684210526238	-0.3718592964824123	7	0	1
maphr1_1907	maphr1_1907	1.125	0.375	0.17857142857142858	0.2	0.2857142857142857	0.634900829018476	0.7346938775510204	0.6457058201649605	1.5789473684210527	2	6	3	3	8	5	2	1	0	10	8	2	0	2	0.4	-0.206349206349206	-0.5942028985507247	6	0	1
matea1_1899	matea1_1899	-0.25	0	0.11666666666666667	0.13953488372093023	0.26666666666666666	0.5205050612646575	0.766984126984127	0.7567373266144732	2.3361344537815127	2.6666666666666665	13	5	5	16	6	6	2	2	28	17	11	9	2.5	0.6428571428571429	0.11019989748846798	-0.3321523472099204	11	0	1
mcino1_1857	mcino1_1857	-1.25	-0.5	0.09166666666666666	0	0.1511111111111111	0.5327059870857739	0.726984126984127	0.7581865628265806	1.78	2.525	10	4	4	16	3	11	1	1	22	17	5	4	2.1363636363636362	0.36363636363636365	0.1320182094081939	-0.3653925195232224	7	0	1
mecop1_1866	mecop1_1866	0	0.2	0.07619047619047618	0	0.2627551020408163	0.677762078988868	0.8838304552590267	0.7459860419908982	1.2727272727272727	2.419047619047619	8	4	2	15	8	5	1	1	16	14	2	0	2.125	0.25	-0.2764786795048143	-0.5065913370998116	9	0	1
melia1_1839	melia1_1839	-0.9090909090909091	-0.36363636363636365	0.14545454545454545	0.15789473684210525	0.39	0.5024584133823266	0.6622222222222223	0.7957503620405229	2.103448275862069	2.581818181818182	10	5	4	11	2	6	1	2	16	12	4	1	2	0.625	0.17037037037037037	-0.288379705400982	NA	NA	NA
moaah1_1836	moaah1_1836	-0.5833333333333334	-0.16666666666666666	0.16666666666666666	0.3582089552238806	0.2644628099173554	0.681132791618725	0.6330578512396693	0.5597512374114793	1.8679245283018868	1.893939393939394	6	3	4	12	4	6	1	1	22	21	1	0	2	0.36363636363636365	-0.5733662145499404	-0.4766053565666345	9	0	1
moglj1_1926	moglj1_1926	0.6666666666666666	0.3333333333333333	0.0784313725490196	0.16363636363636364	0.3217993079584775	0.6101464707345418	0.8196366782006921	0.8315832033991891	2.2169811320754715	2.6143790849673203	11	4	4	18	10	4	1	3	24	20	4	0	2.375	0.3333333333333333	0.09090909090909055	-0.23918715901004167	13	0	1
mojoa1_1904	mojoa1_1904	0.42857142857142855	0.14285714285714285	0.14285714285714285	0	0.2222222222222222	0.6365384615384615	0.7555555555555555	0.6605335964242627	1.25	2.0952380952380953	9	4	2	7	3	2	1	1	6	4	2	1	2.1666666666666665	0	-0.00934579439252423	-0.49999999999999983	4	0	1
nabiq1_1846	nabiq1_1846	-0.25	-0.08333333333333333	0.08333333333333333	0	0.10743801652892562	0.33510268127177584	0.5173553719008265	0.6781575959095298	1.2142857142857142	3.1666666666666665	14	7	2	12	4	5	1	2	11	11	0	0	2	0	0.614035087719299	-0.2520325203252033	3	0	1
nnpop1_1931	nnpop1_1931	0.625	0.125	0.125	0	0.42857142857142855	1.0000000000000002	1	0.7257081148225684	1	1.75	4	2	1	8	4	3	1	0	7	4	3	0	2	0	-0.83448275862069	-1	7	0	1
nxumv1_1894	nxumv1_1894	-0.5454545454545454	-0.09090909090909091	0.12727272727272726	0.3	0.135	0.4498468640850883	0.6533333333333333	0.802163256443711	1.4090909090909092	2.6545454545454548	10	5	3	11	4	5	2	0	14	14	0	0	2.0714285714285716	0.2857142857142857	0.6347826086956518	0.17257683215130012	4	0	1
nyrea1_1900	nyrea1_1900	0.19230769230769232	0.038461538461538464	0.04923076923076923	0.06666666666666667	0.4688	0.987810283687943	0.9749333333333333	0.8198195185235194	1	1.9015384615384616	4	2	1	26	13	12	1	0	32	32	0	0	2	0	-0.5609756097560976	-0.6693307830680602	25	0	1
pabit1_1861	pabit1_1861	-0.2	-0.06666666666666667	0.11904761904761905	0	0.17857142857142858	0.4846899419064987	0.7182103610675039	0.7048682639261578	2.6865671641791047	2.857142857142857	11	5	5	15	4	5	2	4	25	16	9	0	2.08	0.88	-0.4385964912280703	-0.19773519163763079	8	0	1
palof1_1834	palof1_1834	0.4117647058823529	0.29411764705882354	0.09558823529411764	0	0.09765625	0.4552345290814249	0.70625	0.7067464364685624	1.7627118644067796	3.0294117647058822	10	5	4	17	9	4	1	3	26	20	6	0	2	0.7692307692307693	0.08080808080808027	-0.4524248004910986	5	0	1
pebim1_1885	pebim1_1885	0.125	0	0.06666666666666667	0	0.24888888888888888	0.6508714291561221	0.8615873015873016	0.7842214411991618	1.2380952380952381	2.4916666666666667	10	4	2	16	7	7	1	1	16	11	5	0	2.1875	0	-0.3830104321907601	-0.38954954954954957	9	0	1
pebrt1_1868	pebrt1_1868	0.08333333333333333	0.25	0.12878787878787878	0.15789473684210525	0.256198347107438	0.6078570240721269	0.7487603305785124	0.6936754341543834	1.2727272727272727	2.227272727272727	8	4	3	12	6	3	3	0	17	16	1	1	2.0588235294117645	0.35294117647058826	-0.29770992366412313	-0.39711417816813055	8	0	1
peviw1_1824	peviw1_1824	0.09090909090909091	0	0.06277056277056277	0.17857142857142858	0.13378684807256236	0.3264746019955434	0.3599848828420257	0.7305553760709238	1.875	2.883116883116883	12	6	5	22	10	10	1	1	29	17	12	8	2.0344827586206895	0	0.4121621621621627	-0.17700968840010495	5	0	1
pibrr1_1838	pibrr1_1838	0.29411764705882354	0.17647058823529413	0.125	0.16666666666666666	0.19921875	0.32915600741766776	0.36295679147241644	0.6210054074077755	3.3053097345132745	2.698529411764706	11	5	8	17	9	6	1	1	34	29	5	1	2.2058823529411766	0.7058823529411765	-0.02874432677761025	-0.4803309993634634	4	0	1
prloj1_1969	prloj1_1969	0.5	0.14285714285714285	0.0934065934065934	0	0.14792899408284024	0.17859615104680876	0.3815581854043392	0.6276840246340228	1.8157894736842106	2.879120879120879	10	5	5	14	5	3	3	3	17	12	5	0	2	0.23529411764705882	0.22137404580152711	-0.5695443645083933	2	0	1
rahut1_1925	rahut1_1925	-0.46153846153846156	-0.07692307692307693	0.07692307692307693	0	0.052083333333333336	0.19162834219821825	0.3547979797979798	0.5159863069273362	1.3529411764705883	3.8974358974358974	20	9	3	13	4	5	4	0	12	10	2	1	2.1666666666666665	0	-0.01052631578947467	-0.22033898305084718	NA	NA	NA
ranor1_1850	ranor1_1850	0.11764705882352941	0.058823529411764705	0.09191176470588236	0.2	0.400390625	0.6861810085091419	0.8497395833333333	0.80945001719899	1.9047619047619047	2.3161764705882355	8	4	3	17	7	6	3	1	25	21	4	1	2.08	0.32	-0.2222222222222225	-0.40415140415140427	15	0	1
rimia1_1826	rimia1_1826	-0.38461538461538464	0	0.12179487179487179	0.45454545454545453	0.04861111111111111	0.4277984217132288	0.6186868686868687	0.5336626213703778	2.32	2.717948717948718	11	5	6	13	5	5	1	2	19	16	3	0	2.263157894736842	0.21052631578947367	0.06007067137808923	-0.43697478991596794	4	0	1
rolia1_1891	rolia1_1891	-0.3333333333333333	0	0.14761904761904762	0.36	0.5306122448979592	0.8257248938352618	0.795133437990581	0.7427359052851956	1.7346938775510203	1.8285714285714285	7	3	3	15	6	6	3	0	31	25	6	1	2.161290322580645	0.3225806451612903	0.08284023668638969	-0.4914769368985981	NA	NA	NA
saalr1_1882	saalr1_1882	-0.2	0	0.09047619047619047	0	0.1326530612244898	0.3720761677415435	0.3877551020408163	0.5329088011778906	1.605263157894737	2.342857142857143	10	4	3	15	5	5	4	1	19	15	4	0	2.473684210526316	0	0.053941908713692796	-0.5600309837335393	6	0	1
sabue1_1869	sabue1_1869	-0.75	-0.25	0.18181818181818182	0.15789473684210525	0.743801652892562	0.8307459207459208	0.8499173553719007	0.7552697791900618	1.9421487603305785	1.8636363636363635	8	3	3	12	3	6	2	1	24	15	9	0	2.9583333333333335	0.75	-0.4821852731591445	-0.6889655364245777	19	0	1
sahvd1_1890	sahvd1_1890	0.14285714285714285	0	0.14285714285714285	0	0.2222222222222222	0.5835775335775338	0.7	0.6185242890540094	1.3333333333333333	2	6	3	2	7	1	1	4	1	6	5	1	0	2	0	-0.17647058823529407	-0.7142857142857143	3	0	0.888888888888889
saloi1_1864	saloi1_1864	0	0.2	0.1	0	0.13580246913580246	0.5381257631257629	0.7129629629629629	0.6743060905670012	1.3571428571428572	2.533333333333333	8	4	2	10	5	3	1	1	9	7	2	0	2	0	0.27419354838709686	-0.09090909090909076	4	0	1
scbir1_1934	scbir1_1934	0.6	0.2	0.16666666666666666	0.225	0.18518518518518517	0.4587549603174603	0.412551440329218	0.5012958885565996	1.1666666666666667	1.8444444444444446	7	3	2	10	5	3	1	1	15	13	2	0	2.2	0	0.07103825136612099	-0.4226804123711335	4	0	0.857142857142857
siror1_1888	siror1_1888	-1	-0.3333333333333333	0.15151515151515152	0.39622641509433965	0.18181818181818182	0.3437199645460733	0.30082644628099175	0.6433575852118248	1.5897435897435896	2.0757575757575757	9	4	3	12	2	6	2	2	20	20	0	0	2.2	0.1	-0.3888888888888877	-0.02434928631402175	5	0	1
sites1_1884	sites1_1884	-0.6923076923076923	-0.23076923076923078	0.16666666666666666	0.23076923076923078	0.6319444444444444	0.743834357909593	0.7994949494949494	0.7657653849196254	1.871559633027523	1.9487179487179487	8	3	3	13	4	7	1	1	26	16	10	0	2.3076923076923075	0.6153846153846154	-0.43058221369161875	-0.5613941018766758	18	0	1
skdec1_1828	skdec1_1828	-0.3	-0.1	0.26666666666666666	0.4090909090909091	0.38271604938271603	0.6052343489843489	0.5565843621399178	0.578101419020982	2.1222222222222222	1.8444444444444446	6	3	4	10	4	5	1	0	24	14	10	3	2	0.75	0.14712153518123675	-0.3906762967826666	11	0	1
slnes1_1932	slnes1_1932	0.375	0.25	0.17857142857142858	0	0.12244897959183673	0.09206349206349201	0.10884353741496598	0.6215397773109824	1.4705882352941178	2	7	3	3	8	4	2	2	0	10	10	0	0	2.1	0.2	-0.03092783505154634	-0.14754098360655707	2	0	0.928571428571429
smkij1_1881	smkij1_1881	-0.1875	-0.0625	0.11666666666666667	0.42857142857142855	0.08888888888888889	0.3352630078728636	0.4173544973544975	0.6513913493069853	1.5294117647058822	2.4	10	5	3	16	3	4	1	8	28	20	8	0	2.107142857142857	0	-0.05882352941176449	-0.14285714285714235	3	0	0.866666666666667
sutoj1_1914	sutoj1_1914	0.6666666666666666	0.3333333333333333	0.33333333333333337	0.6666666666666666	0.2	0.6160714285714284	0.26	0.3518463144900188	1.0909090909090908	1.3333333333333333	4	2	2	6	3	1	2	0	10	10	0	0	2	0	-0.012658227848100995	-0.5315315315315324	5	0	1
sybas1_1879	sybas1_1879	0	0.1111111111111111	0.3333333333333333	0.4090909090909091	0.609375	0.6178702250130823	0.5279974489795919	0.6291840603154911	1.7638888888888888	1.6111111111111112	6	3	3	9	3	2	1	3	24	16	8	0	2.2083333333333335	0.75	-0.08108108108108107	-0.475610839626832	14	0	1
syloa1_1842	syloa1_1842	0	0.11764705882352941	0.13602941176470587	0.30337078651685395	0.154296875	0.268262566359768	0.32642597853535354	0.6539670915992374	2.5569620253164556	2.3823529411764706	11	5	5	17	8	6	2	1	37	31	6	0	2.27027027027027	0.43243243243243246	0.05568445475638133	-0.026686884003032395	9	0	1
tapom1_1893	tapom1_1893	-0.5789473684210527	-0.2631578947368421	0.12280701754385966	0.36	0.10493827160493827	0.2904400209743595	0.20363713386589202	0.4778250094713121	1.9017857142857142	2.111111111111111	11	4	4	19	2	7	8	2	42	19	23	2	2.4047619047619047	0.047619047619047616	-0.06098881270299501	-0.09163612129290354	7	0	0.966666666666667
thcap1_1929	thcap1_1929	-1.894736842105263	-0.5789473684210527	0.07894736842105263	0	0.20987654320987653	0.4775712468198638	0.6706608569353669	0.7956145629913075	2.567901234567901	2.865497076023392	10	4	4	19	3	14	1	1	27	19	8	0	2.4444444444444446	0.5925925925925926	0.08049535603715112	-0.2868767760268667	10	0	1
thwhd1_1928	thwhd1_1928	-0.6923076923076923	-0.23076923076923078	0.09615384615384615	0.11320754716981132	0.3472222222222222	0.7932483447924623	0.889520202020202	0.7484894654630113	1.1176470588235294	2.051282051282051	8	4	2	13	4	7	2	0	15	7	8	0	2	0	-0.6030534351145047	-0.5327820437093915	10	0	1
trquj1_1837	trquj1_1837	-0.5882352941176471	-0.23529411764705882	0.0661764705882353	0	0.1953125	0.5599154523637282	0.7102430555555552	0.7224498921474987	1.6	2.514705882352941	9	4	3	17	4	8	4	1	18	12	6	0	2.0555555555555554	0.1111111111111111	-0.5294117647058822	-0.5805515239477504	8	0	1
tulos1_1848	tulos1_1848	0.7	0.3	0.12222222222222223	0.3	0.1111111111111111	0.4081340579710146	0.5432098765432098	0.6677658889783143	1.3125	2.422222222222222	9	4	2	10	5	2	2	1	11	10	1	0	2.090909090909091	0	0.4811320754716982	-0.6133333333333327	NA	NA	NA
tunoj1_1895	tunoj1_1895	0.375	0.125	0.0875	0.07894736842105263	0.12	0.35708570518304195	0.433015873015873	0.6567201250714405	1.7346938775510203	2.783333333333333	10	5	3	16	8	6	1	1	21	18	3	2	2	0.2857142857142857	-0.1491615180935545	-0.25581395348837194	NA	NA	NA
tupls1_1855	tupls1_1855	0.08333333333333333	0	0.09090909090909091	0	0.09917355371900827	0.40885470178223654	0.6495867768595042	0.7640332277472398	1.2941176470588236	3.0454545454545454	15	6	2	12	5	5	1	1	12	12	0	1	2.3333333333333335	0.16666666666666666	-0.0027855153203336287	-0.33333333333333337	4	0	1
unulr1_1933	unulr1_1933	0.8666666666666667	0.3333333333333333	0.09047619047619047	0.05263157894736842	0.2857142857142857	0.6934726916651279	0.8406593406593407	0.7586121787245964	1.40625	2.2285714285714286	8	4	2	15	9	4	1	1	19	19	0	0	2	0.42105263157894735	-0.7898550724637678	-0.7586343003749759	10	0	1
vapij1_1877	vapij1_1877	1.2	0.4	0.11904761904761905	0.13333333333333333	0.17857142857142858	0.4309274608877192	0.49969163489571644	0.7095853743586916	2.616	2.4857142857142858	10	5	5	15	8	2	1	4	25	25	0	0	2.04	0.48	0.128919860627178	-0.3599537037037039	2	0	0.560975609756098
wabad1_1849	wabad1_1849	0.23529411764705882	0.11764705882352941	0.058823529411764705	0	0.0703125	0.4163165463992331	0.6682291666666667	0.7056182941017121	1.5806451612903225	3.1911764705882355	13	5	3	17	7	5	3	2	16	16	0	0	2.25	0	0.04648390941597139	-0.27635327635327633	4	0	1
wienk1_1903	wienk1_1903	0.23076923076923078	0	0.1730769230769231	0.2553191489361702	0.21875	0.5552939506260192	0.657497594997595	0.7217347538198137	2.2857142857142856	2.2564102564102564	9	4	5	13	5	5	3	0	27	27	0	2	2.185185185185185	0.6666666666666666	0.10241286863270886	0.031970769582095666	8	0	1
wisow1_1825	wisow1_1825	-0.45	-0.15	0.06052631578947368	0.1276595744680851	0.15789473684210525	0.5743399375395831	0.853185595567867	0.7449279456048622	1.3235294117647058	2.831578947368421	9	4	2	20	4	7	5	4	23	22	1	0	2.0434782608695654	0.17391304347826086	0.3689530685920578	-0.1225688073394494	8	0	1
wisup1_1965	wisup1_1965	0.35714285714285715	0.14285714285714285	0.09890109890109891	0.36585365853658536	0.14201183431952663	0.4956120269645004	0.6400394477317555	0.6887617302828066	2.2542372881355934	2.6373626373626373	10	5	5	14	5	3	4	2	18	16	2	0	2	0	0.14727085478887672	0.08891928864569111	NA	NA	NA
