CAM_ID	participantCAM	mean_1_technologicalimplant	mean_2_technologicalimplant	mean_1_dashed_technologicalimplant	mean_2_dashed_technologicalimplant	mean_2_weighted_technologicalimplant	mean_2_weighted_dashed_technologicalimplant
absdw1_1927	absdw1_1927	-1.2	-1.2	-1.2	-1.2	-1.2	-1.2
alcoj1_1906	alcoj1_1906	-0.375	-0.5	-0.375	-0.5	-0.45454545454545453	-0.35714285714285715
apchr1_1856	apchr1_1856	0.625	0.6	0.625	0.6	0.6111111111111112	0.55
babrs1_1871	babrs1_1871	0.375	0.13333333333333333	0.375	0.13333333333333333	0.21739130434782608	0.16666666666666666
babui1_1971	babui1_1971	1.5714285714285714	1	1.5714285714285714	1	1.2666666666666666	1.1875
becha1_1827	becha1_1827	-0.08333333333333333	0	-0.08333333333333333	0	-0.03571428571428571	-0.03125
bopof1_1872	bopof1_1872	1.7142857142857142	0.5	1.7142857142857142	0.5	0.9473684210526315	0.75
brabg1_1887	brabg1_1887	-0.2857142857142857	-0.8571428571428571	-0.2857142857142857	-0.8571428571428571	-0.6666666666666666	-0.5
brhua1_1832	brhua1_1832	-0.4	-0.9333333333333333	-0.4	-0.9333333333333333	-0.72	-0.6
bumad1_1860	bumad1_1860	-0.7777777777777778	-0.5	-0.7777777777777778	-0.5	-0.6086956521739131	-0.5
caber1_1833	caber1_1833	1	1	1	1	1	0.7222222222222222
chdaa1_1905	chdaa1_1905	0.375	0.36363636363636365	0.375	0.36363636363636365	0.3684210526315789	0.3181818181818182
chros1_1908	chros1_1908	-0.625	-0.8888888888888888	-0.625	-0.8888888888888888	-0.7647058823529411	-0.7222222222222222
cofrn1_1912	cofrn1_1912	NA	NA	NA	NA	NA	NA
dewae1_1896	dewae1_1896	0.75	0.6	0.75	0.6	0.6521739130434783	0.5
dheak1_1845	dheak1_1845	0.42857142857142855	0.9	0.42857142857142855	0.9	0.7058823529411765	0.6
doava1_1852	doava1_1852	0	-0.36363636363636365	0	-0.36363636363636365	-0.21052631578947367	-0.18181818181818182
eaasc1_1966	eaasc1_1966	-1.25	-0.16666666666666666	-1.25	-0.16666666666666666	-0.5	-0.3611111111111111
emmij1_1911	emmij1_1911	0.6666666666666666	0.9	0.6666666666666666	0.9	0.7894736842105263	0.75
evbit1_1840	evbit1_1840	0.08333333333333333	0.08333333333333333	0.08333333333333333	0.08333333333333333	0.08333333333333333	0.08333333333333333
evbos1_1883	evbos1_1883	NA	NA	NA	NA	NA	NA
fasts1_1847	fasts1_1847	0.5	0.5	0.5	0.5	0.5	0.325
foblc1_2026	foblc1_2026	-0.375	-0.3	-0.375	-0.3	-0.3333333333333333	-0.3
foloa1_1835	foloa1_1835	-0.6666666666666666	0.16666666666666666	-0.6666666666666666	0.16666666666666666	-0.041666666666666664	-0.027777777777777776
gagra1_1924	gagra1_1924	NA	NA	NA	NA	NA	NA
gicrt1_1886	gicrt1_1886	-0.25	0	-0.25	0	-0.09090909090909091	-0.07142857142857142
grstr1_1874	grstr1_1874	NA	NA	NA	NA	NA	NA
guakt1_1875	guakt1_1875	-0.3333333333333333	-0.2857142857142857	-0.3333333333333333	-0.2857142857142857	-0.3076923076923077	-0.2857142857142857
hahan1_1915	hahan1_1915	NA	NA	NA	NA	NA	NA
halid1_1851	halid1_1851	-1.3333333333333333	-1.3333333333333333	-1.3333333333333333	-1.3333333333333333	-1.3333333333333333	-1.3333333333333333
hawep1_1889	hawep1_1889	0	0	0	0	0	0
kabos1_1867	kabos1_1867	NA	NA	NA	NA	NA	NA
kajor1_1897	kajor1_1897	-0.42857142857142855	-0.4666666666666667	-0.42857142857142855	-0.4666666666666667	-0.4482758620689655	-0.43333333333333335
kelok1_1901	kelok1_1901	NA	NA	NA	NA	NA	NA
khpim1_1873	khpim1_1873	-1	-1.5263157894736843	-1	-1.5263157894736843	-1.3225806451612903	-1.0789473684210527
knban1_1876	knban1_1876	NA	NA	NA	NA	NA	NA
kotek1_1909	kotek1_1909	0.2222222222222222	0	0.2222222222222222	0	0.08333333333333333	0.06666666666666667
lamig1_1898	lamig1_1898	-0.3333333333333333	-0.7272727272727273	-0.3333333333333333	-0.7272727272727273	-0.5882352941176471	-0.45454545454545453
lesol1_1854	lesol1_1854	0.2857142857142857	-0.125	0.2857142857142857	-0.125	0.06666666666666667	0.0625
makgd1_1902	makgd1_1902	-0.1	-0.1	-0.1	-0.1	-0.1	-0.1
maloj1_1870	maloj1_1870	-1.125	-0.9	-1.125	-0.9	-1	-0.9
maphr1_1907	maphr1_1907	0.5	1.125	0.5	1.125	0.8571428571428571	0.75
matea1_1899	matea1_1899	0.25	-0.06666666666666667	0.25	-0.06666666666666667	0.043478260869565216	0.03333333333333333
mcino1_1857	mcino1_1857	-1	-1.25	-1	-1.25	-1.1666666666666667	-0.875
mecop1_1866	mecop1_1866	0	0	0	0	0	0
melia1_1839	melia1_1839	NA	NA	NA	NA	NA	NA
moaah1_1836	moaah1_1836	-0.3	-0.5833333333333334	-0.3	-0.5833333333333334	-0.45454545454545453	-0.4166666666666667
moglj1_1926	moglj1_1926	1.3	0.6666666666666666	1.3	0.6666666666666666	0.8928571428571429	0.6944444444444444
mojoa1_1904	mojoa1_1904	0.6	0.42857142857142855	-0.6	-0.42857142857142855	0.5	-0.42857142857142855
nabiq1_1846	nabiq1_1846	0	-0.6666666666666666	0	-0.6666666666666666	-0.46153846153846156	-0.3333333333333333
nnpop1_1931	nnpop1_1931	0.625	0.625	0.625	0.625	0.625	0.625
nxumv1_1894	nxumv1_1894	-1	-0.3	-1	-0.3	-0.5333333333333333	-0.4
nyrea1_1900	nyrea1_1900	0.19230769230769232	0.19230769230769232	0.19230769230769232	0.19230769230769232	0.19230769230769232	0.19230769230769232
pabit1_1861	pabit1_1861	-0.3333333333333333	-0.07142857142857142	-0.3333333333333333	-0.07142857142857142	-0.15	-0.10714285714285714
palof1_1834	palof1_1834	0.16666666666666666	0.3333333333333333	0.16666666666666666	0.3333333333333333	0.2857142857142857	0.2
pebim1_1885	pebim1_1885	1.2	0.125	1.2	0.125	0.5384615384615384	0.4375
pebrt1_1868	pebrt1_1868	0.5555555555555556	0.36363636363636365	0.5555555555555556	0.36363636363636365	0.45	0.4090909090909091
peviw1_1824	peviw1_1824	0	0.2777777777777778	0	0.2777777777777778	0.20833333333333334	0.1388888888888889
pibrr1_1838	pibrr1_1838	1.4	0.7333333333333333	1.4	0.7333333333333333	0.9	0.6
prloj1_1969	prloj1_1969	-0.3333333333333333	0.5555555555555556	-0.3333333333333333	0.5555555555555556	0.3333333333333333	0.2222222222222222
rahut1_1925	rahut1_1925	NA	NA	NA	NA	NA	NA
ranor1_1850	ranor1_1850	0.08333333333333333	0.11764705882352941	0.08333333333333333	0.11764705882352941	0.10344827586206896	0.08823529411764706
rimia1_1826	rimia1_1826	-1	-0.16666666666666666	-1	-0.16666666666666666	-0.4117647058823529	-0.2916666666666667
rolia1_1891	rolia1_1891	NA	NA	NA	NA	NA	NA
saalr1_1882	saalr1_1882	0	-0.21428571428571427	0	-0.21428571428571427	-0.14285714285714285	-0.10714285714285714
sabue1_1869	sabue1_1869	-0.5454545454545454	-0.75	-0.5454545454545454	-0.75	-0.6521739130434783	-0.625
sahvd1_1890	sahvd1_1890	0	0.14285714285714285	0	0.14285714285714285	0.09090909090909091	0.07142857142857142
saloi1_1864	saloi1_1864	0.2	0	0.2	0	0.06666666666666667	0.05
scbir1_1934	scbir1_1934	0	0.6	0	0.6	0.4	0.3
siror1_1888	siror1_1888	-0.5	-1	-0.5	-1	-0.8333333333333334	-0.625
sites1_1884	sites1_1884	-0.36363636363636365	-0.6923076923076923	-0.36363636363636365	-0.6923076923076923	-0.5416666666666666	-0.5
skdec1_1828	skdec1_1828	-1	-0.3	-1	-0.3	-0.6111111111111112	-0.55
slnes1_1932	slnes1_1932	-1	0	-1	0	-0.3333333333333333	-0.25
smkij1_1881	smkij1_1881	0	-0.38461538461538464	0	-0.38461538461538464	-0.29411764705882354	-0.19230769230769232
sutoj1_1914	sutoj1_1914	0.6666666666666666	0.6666666666666666	0.6666666666666666	0.6666666666666666	0.6666666666666666	0.6666666666666666
sybas1_1879	sybas1_1879	0	0	0	0	0	0
syloa1_1842	syloa1_1842	0.42857142857142855	0.35714285714285715	0.42857142857142855	0.35714285714285715	0.38095238095238093	0.2857142857142857
tapom1_1893	tapom1_1893	0	-0.6111111111111112	0	-0.6111111111111112	-0.4230769230769231	-0.3055555555555556
thcap1_1929	thcap1_1929	-1.6666666666666667	-1.894736842105263	-1.6666666666666667	-1.894736842105263	-1.84	-1.2105263157894737
thwhd1_1928	thwhd1_1928	-0.5454545454545454	-0.6923076923076923	-0.5454545454545454	-0.6923076923076923	-0.625	-0.5769230769230769
trquj1_1837	trquj1_1837	-0.4444444444444444	-0.5882352941176471	-0.4444444444444444	-0.5882352941176471	-0.5384615384615384	-0.4117647058823529
tulos1_1848	tulos1_1848	NA	NA	NA	NA	NA	NA
tunoj1_1895	tunoj1_1895	NA	NA	NA	NA	NA	NA
tupls1_1855	tupls1_1855	-1.2	-0.3333333333333333	-1.2	-0.3333333333333333	-0.6428571428571429	-0.5
unulr1_1933	unulr1_1933	1.1818181818181819	0.8666666666666667	1.1818181818181819	0.8666666666666667	1	0.8666666666666667
vapij1_1877	vapij1_1877	1	2	1	2	1.6666666666666667	1.25
wabad1_1849	wabad1_1849	0.6	-0.35714285714285715	0.6	-0.35714285714285715	-0.10526315789473684	-0.07142857142857142
wienk1_1903	wienk1_1903	0.125	0.23076923076923078	0.125	0.23076923076923078	0.19047619047619047	0.15384615384615385
wisow1_1825	wisow1_1825	-0.1111111111111111	-0.45	-0.1111111111111111	-0.45	-0.3448275862068966	-0.25
wisup1_1965	wisup1_1965	NA	NA	NA	NA	NA	NA
